1                         1000.0048360004304
2                         1002.4494390374166
3                         1006.0044826627366
4                         1010.1675339196829
5                         1014.737984872003
6                         1019.5747978963436
7                         1024.5953451928074
8                         1029.7099746368162
9                         1034.860587435688
10                        1039.9916492592604
11                        1045.0787312452933
12                        1050.116776056959
13                        1055.0828898345449
14                        1059.9877727589128
15                        1064.7885353546128
16                        1069.5029743623982
17                        1074.1310897822689
18                        1078.6728816142252
19                        1083.1278606973676
20                        1087.4952355791954
21                        1091.7757340121593
22                        1095.9693559962593
23                        1100.0761015314956
24                        1104.1022073931827
25                        1108.0477791546125
26                        1111.9100690946486
27                        1115.6890772132904
28                        1119.384803510538
29                        1123.0191677227122
30                        1126.5794587067242
31                        1130.0646644379858
32                        1133.4747849164974
33                        1136.8151844359365
34                        1140.1025203579422
35                        1143.323616531225
36                        1146.4784729557855
37                        1149.5670896316228
38                        1152.6074819391438
39                        1155.6065213075365
40                        1158.5519602823338
41                        1161.4437988635357
42                        1164.2820370511427
43                        1167.0666748451542
44                        1169.7977122455704
45                        1172.4751492523912
46                        1175.098985865617
47                        1177.6738369944842
48                        1180.227350071635
49                        1182.734166294773
50                        1185.1942856638973
51                        1187.607708179008
52                        1189.9744338401051
53                        1192.2944626471888
54                        1194.5677946002588
55                        1196.7944296993153
56                        1198.9743679443586
57                        1201.1388371653532
58                        1203.2750305139484
59                        1205.3728876523446
60                        1207.432408580542
61                        1209.45359329854
62                        1211.4364418063392
63                        1213.3809541039393
64                        1215.2871301913403
65                        1217.1549700685425
66                        1218.9951171896557
67                        1220.8225904076273
68                        1222.6182867187965
69                        1224.3822061231638
70                        1226.1143486207284
71                        1227.8147142114913
72                        1229.4833028954522
73                        1231.1201146726107
74                        1232.7251495429675
75                        1234.298407506522
76                        1235.8645476042684
77                        1237.4057219274375
78                        1238.9202517929111
79                        1240.408137200689
80                        1241.8693781507716
81                        1243.303974643158
82                        1244.7119266778495
83                        1246.093234254845
84                        1247.4478973741452
85                        1248.7923958053511
86                        1250.1298810918595
87                        1251.4470259917964
88                        1252.7438305051621
89                        1254.0202946319564
90                        1255.2764183721788
91                        1256.51220172583
92                        1257.7276446929095
93                        1258.9227472734178
94                        1260.0975094673547
95                        1261.2519312747202
96                        1262.386012695514
97                        1263.4997537297365
98                        1264.5931543773875
99                        1265.666214638467
100                       1266.718934512975
101                       1267.7513140009119
102                       1268.7633531022768
103                       1269.7550518170706
104                       1270.7491856882325
105                       1271.734635025791
106                       1272.7029851502618
107                       1273.654236061645
108                       1274.5883877599406
109                       1275.5054402451487
110                       1276.4053935172692
111                       1277.2882475763022
112                       1278.1540024222475
113                       1279.0026580551048
114                       1279.8342144748751
115                       1280.6486716815575
116                       1281.4460296751522
117                       1282.2262884556596
118                       1282.9894480230791
119                       1283.7355083774114
120                       1284.4644695186557
121                       1285.1763314468126
122                       1285.871094161882
123                       1286.5844412470656
124                       1287.2878833056864
125                       1287.9781903173869
126                       1288.6553622821666
127                       1289.3193992000251
128                       1289.9703010709632
129                       1290.6080678949804
130                       1291.232699672077
131                       1291.8441964022527
132                       1292.4425580855075
133                       1293.0277847218417
134                       1293.599876311255
135                       1294.1588328537478
136                       1294.7046543493198
137                       1295.2373407979705
138                       1295.7568921997006
139                       1296.2633085545106
140                       1296.756589862399
141                       1297.2398361239595
142                       1297.7377562444
143                       1298.2256292583922
144                       1298.7034551659358
145                       1299.1712339670307
146                       1299.628965661677
147                       1300.076650249875
148                       1300.5142877316243
149                       1300.941878106925
150                       1301.3594213757774
151                       1301.766917538181
152                       1302.1643665941363
153                       1302.5517685436428
154                       1302.929123386701
155                       1303.2964311233104
156                       1303.6536917534713
157                       1304.0009052771836
158                       1304.3380716944478
159                       1304.665191005263
160                       1304.9891177735549
161                       1305.3205963034065
162                       1305.6444244718032
163                       1305.9606022787445
164                       1306.2691297242304
165                       1306.5700068082613
166                       1306.8632335308369
167                       1307.148809891957
168                       1307.4267358916222
169                       1307.697011529832
170                       1307.9596368065866
171                       1308.214611721886
172                       1308.4619362757298
173                       1308.7016104681188
174                       1308.9336342990525
175                       1309.1580077685308
176                       1309.3747308765537
177                       1309.5838036231216
178                       1309.785226008234
179                       1309.987979683036
180                       1310.1937451042102
181                       1310.3937497170791
182                       1310.5879935216421
183                       1310.7764765178997
184                       1310.9591987058518
185                       1311.1361600854982
186                       1311.3073606568391
187                       1311.4728004198746
188                       1311.6324793746044
189                       1311.7863975210287
190                       1311.9345548591473
191                       1312.0769513889604
192                       1312.213587110468
193                       1312.34446202367
194                       1312.4695761285668
195                       1312.5889294251576
196                       1312.7025219134432
197                       1312.8103535934229
198                       1312.9225175943523
199                       1313.0348177408687
200                       1313.1428671167528
201                       1313.2466657220054
202                       1313.3462135566256
203                       1313.4415106206143
204                       1313.5325569139707
205                       1313.619352436695
206                       1313.7018971887874
207                       1313.7801911702477
208                       1313.854234381076
209                       1313.9240268212727
210                       1313.989568490837
211                       1314.0508593897694
212                       1314.1078995180694
213                       1314.160688875738
214                       1314.2092274627742
215                       1314.2535152791786
216                       1314.293552324951
217                       1314.339877243791
218                       1314.3845462621032
219                       1314.4261825598862
220                       1314.4647861371407
221                       1314.500356993866
222                       1314.5328951300626
223                       1314.5624005457305
224                       1314.5888732408696
225                       1314.6123132154796
226                       1314.6327204695608
227                       1314.6500950031136
228                       1314.6644368161371
229                       1314.675745908632
230                       1314.6840222805981
231                       1314.6892659320354
232                       1314.6914768629435
233                       1314.6906550733231
234                       1314.6868005631738
235                       1314.6805865683023
236                       1314.6805168417131
237                       1314.6784018241947
238                       1314.6742415157464
239                       1314.6680359163693
240                       1314.6597850260619
241                       1314.6494888448258
242                       1314.6371473726601
243                       1314.6227606095651
244                       1314.6063285555406
245                       1314.5878512105867
246                       1314.5673285747032
247                       1314.5447606478904
248                       1314.5201474301482
249                       1314.4934889214765
250                       1314.4647851218756
251                       1314.4340360313452
252                       1314.4012416498854
253                       1314.3664019774958
254                       1314.3315306995669
255                       1314.3006899257543
256                       1314.2685993778794
257                       1314.235259055941
258                       1314.20066895994
259                       1314.1648290898756
260                       1314.127739445749
261                       1314.0894000275596
262                       1314.049810835307
263                       1314.0089718689915
264                       1313.9668831286133
265                       1313.9235446141722
266                       1313.8789563256682
267                       1313.8331182631014
268                       1313.7860304264716
269                       1313.7376928157792
270                       1313.6881054310236
271                       1313.6372682722053
272                       1313.585181339324
273                       1313.534642027553
274                       1313.4866164412472
275                       1313.437974246613
276                       1313.3887154436509
277                       1313.3388400323606
278                       1313.2883480127423
279                       1313.2372393847957
280                       1313.1855141485212
281                       1313.1331723039184
282                       1313.0802138509873
283                       1313.0266387897282
284                       1312.9724471201414
285                       1312.917638842226
286                       1312.8622139559827
287                       1312.806172461411
288                       1312.7495143585118
289                       1312.692239647284
290                       1312.6343483277283
291                       1312.5758403998443
292                       1312.5198663061112
293                       1312.4653683655552
294                       1312.4107505550176
295                       1312.3560128744982
296                       1312.3011553239967
297                       1312.2461779035134
298                       1312.1910806130486
299                       1312.1358634526016
300                       1312.0805264221729
301                       1312.0250695217626
302                       1311.9694927513706
303                       1311.9137961109964
304                       1311.8579796006404
305                       1311.8020432203025
306                       1311.745986969983
307                       1311.6898108496816
308                       1311.6335148593987
309                       1311.5770989991338
310                       1311.520563268887
311                       1311.4670206842309
312                       1311.4142747459975
313                       1311.3617838310838
314                       1311.3095479394894
315                       1311.2575670712145
316                       1311.2058412262595
317                       1311.1543704046237
318                       1311.103154606308
319                       1311.0521938313116
320                       1311.0014880796348
321                       1310.9510373512776
322                       1310.90084164624
323                       1310.8509009645215
324                       1310.8012153061231
325                       1310.751784671044
326                       1310.702609059285
327                       1310.6536884708453
328                       1310.605022905725
329                       1310.5567067299291
330                       1310.5111510045072
331                       1310.4661118065274
332                       1310.421589135989
333                       1310.3775829928932
334                       1310.3340933772392
335                       1310.2911202890273
336                       1310.248663728257
337                       1310.2067236949292
338                       1310.1653001890431
339                       1310.1243932105995
340                       1310.0840027595975
341                       1310.0441288360378
342                       1310.00477143992
343                       1309.9659305712441
344                       1309.9276062300103
345                       1309.8897984162186
346                       1309.8525071298686
347                       1309.8157323709609
348                       1309.7798268136219
349                       1309.7457070071966
350                       1309.7122637590896
351                       1309.6794970693004
352                       1309.6474069378296
353                       1309.6159933646768
354                       1309.5852563498415
355                       1309.5551958933247
356                       1309.525811995126
357                       1309.4971046552453
358                       1309.4690738736824
359                       1309.441719650438
360                       1309.4150419855116
361                       1309.3890408789027
362                       1309.3637163306125
363                       1309.3390683406399
364                       1309.3150969089857
365                       1309.2918020356494
366                       1309.2691837206312
367                       1309.2475544781805
368                       1309.2270795945137
369                       1309.2073577898561
370                       1309.1883890642075
371                       1309.1701734175676
372                       1309.1527108499367
373                       1309.1360013613148
374                       1309.120044951702
375                       1309.1048416210979
376                       1309.0903913695029
377                       1309.076694196917
378                       1309.0637501033398
379                       1309.0515590887715
380                       1309.0401211532123
381                       1309.0294362966622
382                       1309.0195045191206
383                       1309.0103258205884
384                       1309.001900201065
385                       1308.9942276605505
386                       1308.9873067866513
387                       1308.981137928122
388                       1308.975721913267
389                       1308.9710587420866
390                       1308.9671484145806
391                       1308.9639909307489
392                       1308.9615862905916
393                       1308.9599344941087
394                       1308.9590355413004
395                       1308.9588894321662
396                       1308.9594961667067
397                       1308.9608557449214
398                       1308.9629681668107
399                       1308.9658334323744
400                       1308.9694515416124
401                       1308.973822494525
402                       1308.9789462911117
403                       1308.984822931373
404                       1308.9914524153085
405                       1308.9988347429187
406                       1309.006969914203
407                       1309.015857929162
408                       1309.0254987877954
409                       1309.0358924901032
410                       1309.0470390360852
411                       1309.0589384257416
412                       1309.0715906590726
413                       1309.0849957360779
414                       1309.099153656758
415                       1309.114064421112
416                       1309.1297280291408
417                       1309.1461444808438
418                       1309.163313776221
419                       1309.1812359152727
420                       1309.199910897999
421                       1309.2193387243997
422                       1309.2395193944749
423                       1309.2604480485932
424                       1309.2809915526136
425                       1309.3022287193023
426                       1309.32415954866
427                       1309.346784040686
428                       1309.3701021953805
429                       1309.3941140127436
430                       1309.418819492775
431                       1309.4442186354752
432                       1309.4703114408437
433                       1309.497097908881
434                       1309.5245780395862
435                       1309.5527518329604
436                       1309.5816192890031
437                       1309.611180407714
438                       1309.641435189094
439                       1309.672383633142
440                       1309.7040257398587
441                       1309.7363615092436
442                       1309.7693909412976
443                       1309.8031140360197
444                       1309.8375307934105
445                       1309.8726412134697
446                       1309.9084452961972
447                       1309.9449430415934
448                       1309.9821344496584
449                       1310.0200195203918
450                       1310.0585982537937
451                       1310.0978706498636
452                       1310.1378367086024
453                       1310.1784964300098
454                       1310.2198498140858
455                       1310.2618968608301
456                       1310.3046375702427
457                       1310.3477956791967
458                       1310.3900464679518
459                       1310.4328841257454
460                       1310.476308652576
461                       1310.5203200484452
462                       1310.564918313352
463                       1310.6101034472968
464                       1310.6558754502796
465                       1310.7022343223
466                       1310.7491800633586
467                       1310.796712673455
468                       1310.844832152589
469                       1310.893538500761
470                       1310.942831717971
471                       1310.9927118042187
472                       1311.0431787595046
473                       1311.0942325838282
474                       1311.1458732771896
475                       1311.198100839589
476                       1311.2509152710263
477                       1311.3043165715012
478                       1311.3583047410143
479                       1311.4128797795652
480                       1311.4680416871538
481                       1311.5237904637806
482                       1311.580126109445
483                       1311.6370486241476
484                       1311.6945580078877
485                       1311.7526542606658
486                       1311.811337382482
487                       1311.870607373336
488                       1311.930464233228
489                       1311.9909079621575
490                       1312.0519385601253
491                       1312.1129585157053
492                       1312.1730948881243
493                       1312.233701467128
494                       1312.294778252716
495                       1312.3563252448885
496                       1312.418342443645
497                       1312.4808298489866
498                       1312.543787460912
499                       1312.607215279422
500                       1312.6711133045164
501                       1312.7354815361948
502                       1312.800319974458
503                       1312.8656286193057
504                       1312.9314074707374
505                       1312.9976565287536
506                       1313.0643757933542
507                       1313.1315652645392
508                       1313.1992249423085
509                       1313.2673548266625
510                       1313.3359549176005
511                       1313.405025215123
512                       1313.47456571923
513                       1313.544576429921
514                       1313.615057347197
515                       1313.6860084710568
516                       1313.7574298015013
517                       1313.8293213385302
518                       1313.9016830821433
519                       1313.9745150323408
520                       1314.047817189123
521                       1314.1215895524892
522                       1314.19583212244
523                       1314.270544898975
524                       1314.3457278820945
525                       1314.4205324679783
526                       1314.4946804727265
527                       1314.5691881653934
528                       1314.6440555459785
529                       1314.7192826144824
530                       1314.7948693709045
531                       1314.8708158152456
532                       1314.947121947505
533                       1315.023787767683
534                       1315.1008132757793
535                       1315.178198471794
536                       1315.2559433557276
537                       1315.3340479275794
538                       1315.41251218735
539                       1315.4913361350389
540                       1315.5705197706463
541                       1315.6500630941725
542                       1315.7299661056172
543                       1315.81022880498
544                       1315.8908511922616
545                       1315.971833267462
546                       1316.0531750305806
547                       1316.1348764816173
548                       1316.2169376205732
549                       1316.2993584474473
550                       1316.3821389622403
551                       1316.4652791649514
552                       1316.548779055581
553                       1316.6326386341293
554                       1316.7168579005963
555                       1316.8014368549814
556                       1316.8863754972854
557                       1316.9716738275076
558                       1317.0573318456486
559                       1317.1423567754757
560                       1317.2269898351058
561                       1317.3118857914035
562                       1317.3970446443695
563                       1317.4824663940033
564                       1317.5681510403049
565                       1317.6540985832746
566                       1317.740309022912
567                       1317.8267823592173
568                       1317.913518592191
569                       1318.0005177218325
570                       1318.0877797481414
571                       1318.1753046711187
572                       1318.263092490764
573                       1318.3511432070768
574                       1318.439456820058
575                       1318.5280333297067
576                       1318.6168727360237
577                       1318.7059750390083
578                       1318.7953402386609
579                       1318.8849683349817
580                       1318.9748593279703
581                       1319.0650132176268
582                       1319.155430003951
583                       1319.2461096869436
584                       1319.3370522666037
585                       1319.428257742932
586                       1319.5197261159278
587                       1319.6114573855918
588                       1319.703451551924
589                       1319.7957086149236
590                       1319.8882285745917
591                       1319.9810114309273
592                       1320.0740571839312
593                       1320.1663284626293
594                       1320.2584340312678
595                       1320.3507218126779
596                       1320.4431918068594
597                       1320.5358440138127
598                       1320.6286784335373
599                       1320.7216950660334
600                       1320.814893911301
601                       1320.9082749693405
602                       1321.0018382401508
603                       1321.0955837237332
604                       1321.189511420087
605                       1321.283621329212
606                       1321.3779134511087
607                       1321.472387785777
608                       1321.567044333217
609                       1321.661883093428
610                       1321.7569040664107
611                       1321.8521072521653
612                       1321.9474926506912
613                       1322.0430602619886
614                       1322.1388100860574
615                       1322.2347421228976
616                       1322.3308563725095
617                       1322.427152834893
618                       1322.5236315100478
619                       1322.6202923979745
620                       1322.7171354986722
621                       1322.8141608121418
622                       1322.9113683383825
623                       1323.0087580773952
624                       1323.1063300291792
625                       1323.2040841937346
626                       1323.302020571062
627                       1323.3991646969178
628                       1323.4963123913324
629                       1323.5935793462306
630                       1323.6909655616128
631                       1323.788471037478
632                       1323.8860957738273
633                       1323.98383977066
634                       1324.0817030279766
635                       1324.1796855457767
636                       1324.27778732406
637                       1324.3760083628274
638                       1324.4743486620782
639                       1324.5728082218127
640                       1324.6713870420306
641                       1324.7700851227323
642                       1324.8689024639175
643                       1324.9678390655865
644                       1325.0668949277392
645                       1325.166070050375
646                       1325.2653644334948
647                       1325.3647780770982
648                       1325.4643109811852
649                       1325.5639631457557
650                       1325.6637345708098
651                       1325.7636252563477
652                       1325.863635202369
653                       1325.9637644088739
654                       1326.0640128758625
655                       1326.1643806033348
656                       1326.2648675912906
657                       1326.36547383973
658                       1326.4661993486532
659                       1326.5670441180598
660                       1326.6679766166615
661                       1326.7682235839527
662                       1326.8685419259716
663                       1326.9689316427182
664                       1327.0693927341927
665                       1327.1699252003946
666                       1327.2705290413244
667                       1327.3712042569819
668                       1327.471950847367
669                       1327.5727688124796
670                       1327.6736581523203
671                       1327.7746188668884
672                       1327.8756509561845
673                       1327.9767544202082
674                       1328.0779292589596
675                       1328.1791754724384
676                       1328.280493060645
677                       1328.3818820235795
678                       1328.4833423612417
679                       1328.5848740736317
680                       1328.686477160749
681                       1328.7881516225943
682                       1328.8898974591673
683                       1328.991714670468
684                       1329.0936032564962
685                       1329.1955632172524
686                       1329.297594552736
687                       1329.3996972629477
688                       1329.5018713478867
689                       1329.6041168075535
690                       1329.706433641948
691                       1329.8088218510702
692                       1329.91128143492
693                       1330.0138123934978
694                       1330.1162870770474
695                       1330.2182530161847
696                       1330.32025014502
697                       1330.422278463553
698                       1330.524337971784
699                       1330.6264286697126
700                       1330.728550557339
701                       1330.8307036346635
702                       1330.9328879016857
703                       1331.0351033584056
704                       1331.1373500048235
705                       1331.2396278409392
706                       1331.3419368667528
707                       1331.444277082264
708                       1331.5466484874732
709                       1331.64905108238
710                       1331.7514848669848
711                       1331.8539498412877
712                       1331.956446005288
713                       1332.0589733589863
714                       1332.1615319023822
715                       1332.2641216354762
716                       1332.366742558268
717                       1332.4693946707575
718                       1332.5720779729452
719                       1332.6747924648303
720                       1332.7775381464132
721                       1332.8803150176943
722                       1332.983123078673
723                       1333.0859623293493
724                       1333.1888327697238
725                       1333.291734399796
726                       1333.394667219566
727                       1333.497631229034
728                       1333.60042636901
729                       1333.7028311929078
730                       1333.80523220953
731                       1333.9076294188765
732                       1334.0100228209476
733                       1334.1124124157432
734                       1334.214798203263
735                       1334.3171801835076
736                       1334.4195583564765
737                       1334.52193272217
738                       1334.6243032805878
739                       1334.7266700317302
740                       1334.8290329755969
741                       1334.9313921121882
742                       1335.033747441504
743                       1335.136098963544
744                       1335.2384466783087
745                       1335.340790585798
746                       1335.4431306860115
747                       1335.5454669789494
748                       1335.647799464612
749                       1335.750128142999
750                       1335.8524530141108
751                       1335.9547740779465
752                       1336.0570913345068
753                       1336.1594047837918
754                       1336.2617144258013
755                       1336.364020260535
756                       1336.466322287993
757                       1336.5686205081759
758                       1336.670914921083
759                       1336.7732055267147
760                       1336.875492325071
761                       1336.9777753161516
762                       1337.079804312653
763                       1337.1815384584224
764                       1337.2832385746074
765                       1337.3849046612083
766                       1337.4865367182247
767                       1337.5881347456568
768                       1337.689698743505
769                       1337.7912287117686
770                       1337.892724650448
771                       1337.9941865595433
772                       1338.095614439054
773                       1338.1970082889807
774                       1338.298368109323
775                       1338.3996939000813
776                       1338.500985661255
777                       1338.6022433928447
778                       1338.7034670948499
779                       1338.804656767271
780                       1338.9058124101077
781                       1339.0069340233601
782                       1339.1080216070284
783                       1339.2090751611127
784                       1339.310094685612
785                       1339.4110801805275
786                       1339.5120316458585
787                       1339.6129490816056
788                       1339.7138324877683
789                       1339.8146818643465
790                       1339.9154972113408
791                       1340.0162785287505
792                       1340.117025816576
793                       1340.2177390748172
794                       1340.3184183034743
795                       1340.419063502547
796                       1340.5193993522594
797                       1340.619518816017
798                       1340.719578902743
799                       1340.819579612438
800                       1340.919520945101
801                       1341.0194029007325
802                       1341.1192254793325
803                       1341.2189886809008
804                       1341.3186925054376
805                       1341.418336952943
806                       1341.5179220234168
807                       1341.617447716859
808                       1341.7169140332696
809                       1341.8163209726488
810                       1341.9156685349963
811                       1342.0149567203123
812                       1342.1141855285969
813                       1342.2133549598495
814                       1342.312465014071
815                       1342.4115156912608
816                       1342.510506991419
817                       1342.609438914546
818                       1342.708311460641
819                       1342.8071246297047
820                       1342.9058784217366
821                       1343.004572836737
822                       1343.103207874706
823                       1343.2017835356432
824                       1343.3002998195493
825                       1343.3987567264235
826                       1343.4971542562662
827                       1343.5954924090777
828                       1343.693771184857
829                       1343.7919905836052
830                       1343.8898817096915
831                       1343.9876188847384
832                       1344.0852767161612
833                       1344.1828552039588
834                       1344.2803543481318
835                       1344.3777741486804
836                       1344.4751146056044
837                       1344.5723757189037
838                       1344.6695574885782
839                       1344.7666599146282
840                       1344.8636829970537
841                       1344.9606267358545
842                       1345.0574911310305
843                       1345.1542761825822
844                       1345.250981890509
845                       1345.3476082548113
846                       1345.4441552754888
847                       1345.540622952542
848                       1345.6370112859702
849                       1345.733320275774
850                       1345.829549921953
851                       1345.9257002245076
852                       1346.0217711834373
853                       1346.1177627987427
854                       1346.2136750704233
855                       1346.3095079984791
856                       1346.4052615829105
857                       1346.5009358237173
858                       1346.5965307208994
859                       1346.692046274457
860                       1346.7874824843896
861                       1346.882839350698
862                       1346.9781168733814
863                       1347.0733150524406
864                       1347.1681850167033
865                       1347.2629407354402
866                       1347.35760164749
867                       1347.4521677528526
868                       1347.5466390515278
869                       1347.641015543516
870                       1347.735297228817
871                       1347.8294841074307
872                       1347.9235761793573
873                       1348.0175734445968
874                       1348.1114759031486
875                       1348.2052835550135
876                       1348.2989964001913
877                       1348.3926144386817
878                       1348.486137670485
879                       1348.579566095601
880                       1348.67289971403
881                       1348.7661385257713
882                       1348.8592825308258
883                       1348.9523317291932
884                       1349.045286120873
885                       1349.138145705866
886                       1349.2309104841715
887                       1349.3235804557899
888                       1349.4161556207212
889                       1349.508635978965
890                       1349.6010215305218
891                       1349.6933122753912
892                       1349.7855082135736
893                       1349.8776093450685
894                       1349.9696156698767
895                       1350.0615271879972
896                       1350.1533438994306
897                       1350.245049704253
898                       1350.336450363969
899                       1350.427743277263
900                       1350.5189284441356
901                       1350.6100058645857
902                       1350.700975538614
903                       1350.7918374662204
904                       1350.882591647405
905                       1350.9732380821672
906                       1351.063776770508
907                       1351.1542077124268
908                       1351.2445309079235
909                       1351.3347463569985
910                       1351.4248540596511
911                       1351.5148540158823
912                       1351.6047462256913
913                       1351.6945306890784
914                       1351.7842074060436
915                       1351.8737763765869
916                       1351.963237600708
917                       1352.0525910784077
918                       1352.141836809685
919                       1352.2309747945408
920                       1352.320005032974
921                       1352.408927524986
922                       1352.4977422705756
923                       1352.5864492697435
924                       1352.6750485224893
925                       1352.7635400288134
926                       1352.8519237887153
927                       1352.9401998021956
928                       1353.0283680692535
929                       1353.11642858989
930                       1353.2043813641042
931                       1353.2921818257014
932                       1353.3797103503584
933                       1353.467119299169
934                       1353.5544086721345
935                       1353.641578469254
936                       1353.7286286905273
937                       1353.815559335955
938                       1353.9023704055367
939                       1353.9890618992722
940                       1354.0756338171623
941                       1354.1620861592064
942                       1354.2484189254042
943                       1354.3346321157564
944                       1354.4207257302628
945                       1354.506699768923
946                       1354.5925542317377
947                       1354.6782891187063
948                       1354.763904429829
949                       1354.8494001651059
950                       1354.9347763245369
951                       1355.020032908122
952                       1355.105169915861
953                       1355.1901873477543
954                       1355.2750852038018
955                       1355.3598634840032
956                       1355.4445221883586
957                       1355.5290613168684
958                       1355.6134808695322
959                       1355.6977808463503
960                       1355.7819612473222
961                       1355.8660220724482
962                       1355.9499633217288
963                       1356.033784995163
964                       1356.1174870927514
965                       1356.2009991481896
966                       1356.284263446075
967                       1356.3673970049954
968                       1356.4503998249504
969                       1356.5332719059402
970                       1356.616013247965
971                       1356.6986238510246
972                       1356.7811037151187
973                       1356.8634528402479
974                       1356.9456712264116
975                       1357.02775887361
976                       1357.1097157818438
977                       1357.1915419511117
978                       1357.2732373814144
979                       1357.3548020727524
980                       1357.4362360251248
981                       1357.5175392385322
982                       1357.5987117129741
983                       1357.679753448451
984                       1357.7606644449627
985                       1357.841444702509
986                       1357.9220942210904
987                       1358.002613000706
988                       1358.083001041357
989                       1358.1632583430426
990                       1358.2433849057627
991                       1358.3233807295178
992                       1358.4032458143079
993                       1358.4829801601327
994                       1358.5625837669918
995                       1358.6420566348863
996                       1358.721398763815
997                       1358.8006101537787
998                       1358.8796908047773
999                       1358.9585484456798
1000                      1359.03718116178
1001                      1359.1156727471787
1002                      1359.1940232018758
1003                      1359.2722325258715
1004                      1359.350300719166
1005                      1359.4282277817583
1006                      1359.5060137136497
1007                      1359.5836585148395
1008                      1359.6611621853274
1009                      1359.738524725114
1010                      1359.8157461341993
1011                      1359.892826412583
1012                      1359.969765560265
1013                      1360.0465635772455
1014                      1360.1232204635246
1015                      1360.1997362191023
1016                      1360.2761108439784
1017                      1360.3523443381528
1018                      1360.428436701626
1019                      1360.5043879343973
1020                      1360.5801980364674
1021                      1360.6558670078357
1022                      1360.7313948485028
1023                      1360.8067815584682
1024                      1360.882027137732
1025                      1360.9571315862943
1026                      1361.0320949041554
1027                      1361.1069170913147
1028                      1361.1815981477723
1029                      1361.2561380735287
1030                      1361.3305368685835
1031                      1361.404794532937
1032                      1361.4789110665888
1033                      1361.552781806027
1034                      1361.6264509728644
1035                      1361.6999698824122
1036                      1361.7733385346712
1037                      1361.846556929641
1038                      1361.919625067322
1039                      1361.9925429477137
1040                      1362.0653105708166
1041                      1362.1379279366301
1042                      1362.2103950451544
1043                      1362.2827118963899
1044                      1362.3548784903364
1045                      1362.4268948269935
1046                      1362.4987609063614
1047                      1362.5704767284408
1048                      1362.6420422932308
1049                      1362.7134576007315
1050                      1362.7847226509432
1051                      1362.8558374438662
1052                      1362.9268019794997
1053                      1362.9976162578444
1054                      1363.0682802789
1055                      1363.1387940426662
1056                      1363.2091575491436
1057                      1363.2793707983317
1058                      1363.3494337902307
1059                      1363.4193465248409
1060                      1363.489109002162
1061                      1363.5587212221938
1062                      1363.6281831849365
1063                      1363.69749489039
1064                      1363.7666563385549
1065                      1363.8356675294306
1066                      1363.904528463017
1067                      1363.9731197728465
1068                      1364.0415255554738
1069                      1364.1097726021876
1070                      1364.177860912988
1071                      1364.245790487875
1072                      1364.3135613268482
1073                      1364.3811734299081
1074                      1364.4486267970547
1075                      1364.5159214282878
1076                      1364.5830573236074
1077                      1364.6500344830135
1078                      1364.716852906506
1079                      1364.7835125940853
1080                      1364.8500135457512
1081                      1364.9163557615034
1082                      1364.9825392413422
1083                      1365.0485639852677
1084                      1365.1144299932794
1085                      1365.1801372653783
1086                      1365.2456858015632
1087                      1365.3110756018348
1088                      1365.3763066661927
1089                      1365.4413789946373
1090                      1365.506292587169
1091                      1365.5710474437865
1092                      1365.6356435644907
1093                      1365.7000809492815
1094                      1365.7643595981592
1095                      1365.828479511123
1096                      1365.8924406881736
1097                      1365.9562431293105
1098                      1366.0198868345342
1099                      1366.0833718038443
1100                      1366.146698037241
1101                      1366.2096806542668
1102                      1366.2724860011135
1103                      1366.3351215485807
1104                      1366.3975872966676
1105                      1366.4598832453748
1106                      1366.5220093947025
1107                      1366.5839657446504
1108                      1366.6457522952185
1109                      1366.7073690464067
1110                      1366.7688159982151
1111                      1366.8300931506442
1112                      1366.891200503693
1113                      1366.9521380573622
1114                      1367.0129058116515
1115                      1367.0735037665613
1116                      1367.1339319220913
1117                      1367.1941902782414
1118                      1367.2542788350117
1119                      1367.3141975924025
1120                      1367.3739465504134
1121                      1367.4335257090445
1122                      1367.4929350682955
1123                      1367.5521746281672
1124                      1367.611244388659
1125                      1367.670144349771
1126                      1367.7288745115031
1127                      1367.7874348738558
1128                      1367.8458254368284
1129                      1367.9040462004214
1130                      1367.9620971646345
1131                      1368.0199783294677
1132                      1368.0776896949214
1133                      1368.1352312609954
1134                      1368.1925716771434
1135                      1368.2494734541272
1136                      1368.3061883112116
1137                      1368.3627162483972
1138                      1368.4190572656835
1139                      1368.4752113630714
1140                      1368.5311785405597
1141                      1368.5869587981495
1142                      1368.6425521358399
1143                      1368.6979585536317
1144                      1368.7531780515242
1145                      1368.8082106295176
1146                      1368.8630562876122
1147                      1368.9177150258079
1148                      1368.9721868441045
1149                      1369.0264717425018
1150                      1369.0805697210005
1151                      1369.1344807796
1152                      1369.1882049183007
1153                      1369.241742137102
1154                      1369.2950924360046
1155                      1369.348255815008
1156                      1369.4012322741128
1157                      1369.454021813318
1158                      1369.5066244326247
1159                      1369.5590401320321
1160                      1369.6112689115407
1161                      1369.66331077115
1162                      1369.715165710861
1163                      1369.766833730672
1164                      1369.8183148305848
1165                      1369.8696090105982
1166                      1369.9207162707128
1167                      1369.9716366109283
1168                      1370.0222670436901
1169                      1370.0723958305762
1170                      1370.1223140735501
1171                      1370.1720217726122
1172                      1370.2215189277622
1173                      1370.270805539
1174                      1370.3198816063261
1175                      1370.3687471297403
1176                      1370.4174021092422
1177                      1370.4658465448322
1178                      1370.5140804365103
1179                      1370.5621037842764
1180                      1370.6099165881305
1181                      1370.6575188480724
1182                      1370.7049105641024
1183                      1370.7520917362208
1184                      1370.7990623644268
1185                      1370.845822448721
1186                      1370.8923719891031
1187                      1370.9387109855732
1188                      1370.9848394381315
1189                      1371.0307573467776
1190                      1371.0764647115118
1191                      1371.121961532334
1192                      1371.1672478092441
1193                      1371.212323542242
1194                      1371.2571887313284
1195                      1371.3018433765026
1196                      1371.3462874777647
1197                      1371.390521035115
1198                      1371.434544048553
1199                      1371.4783565180794
1200                      1371.5219584436936
1201                      1371.5653498253957
1202                      1371.608296219494
1203                      1371.650661551768
1204                      1371.6927824097934
1205                      1371.734658793569
1206                      1371.7762907030958
1207                      1371.8176781383734
1208                      1371.8588210994017
1209                      1371.8997195861807
1210                      1371.9403735987105
1211                      1371.9807831369912
1212                      1372.0209482010227
1213                      1372.0608687908052
1214                      1372.1005449063384
1215                      1372.1399765476224
1216                      1372.1791637146569
1217                      1372.2181064074423
1218                      1372.2568046259787
1219                      1372.2952583702659
1220                      1372.3334676403038
1221                      1372.3714324360926
1222                      1372.4091527576322
1223                      1372.4466286049228
1224                      1372.483859977964
1225                      1372.520846876756
1226                      1372.557589301299
1227                      1372.5940872515926
1228                      1372.630340727637
1229                      1372.6663497294323
1230                      1372.7021142569781
1231                      1372.737634310275
1232                      1372.7729098893226
1233                      1372.8079409941213
1234                      1372.8427276246705
1235                      1372.8772697809707
1236                      1372.9110512193445
1237                      1372.9441256101068
1238                      1372.9769010792431
1239                      1373.009377626754
1240                      1373.0415552526392
1241                      1373.0734339568985
1242                      1373.1050137395318
1243                      1373.1362946005393
1244                      1373.167276539921
1245                      1373.1979595576768
1246                      1373.228343653807
1247                      1373.2584288283117
1248                      1373.2882150811902
1249                      1373.3177024124432
1250                      1373.34689082207
1251                      1373.3757803100711
1252                      1373.4043708764468
1253                      1373.4326625211963
1254                      1373.4606552443202
1255                      1373.4883490458185
1256                      1373.5157439256907
1257                      1373.5428398839372
1258                      1373.5696369205577
1259                      1373.5961350355526
1260                      1373.6223342289215
1261                      1373.6482345006648
1262                      1373.6738358507826
1263                      1373.6991382792742
1264                      1373.72414178614
1265                      1373.7488463713803
1266                      1373.7732520349946
1267                      1373.797358776983
1268                      1373.8211665973456
1269                      1373.8446754960826
1270                      1373.8667497039623
1271                      1373.8879559656748
1272                      1373.9087692486335
1273                      1373.9291895528384
1274                      1373.94921687829
1275                      1373.9688512249877
1276                      1373.988092592932
1277                      1374.0069409821226
1278                      1374.0253963925595
1279                      1374.0434588242426
1280                      1374.0611282771724
1281                      1374.0784047513484
1282                      1374.0952882467707
1283                      1374.1117787634396
1284                      1374.1278763013547
1285                      1374.1435808605163
1286                      1374.158892440924
1287                      1374.1738110425786
1288                      1374.188336665479
1289                      1374.2024693096257
1290                      1374.216208975019
1291                      1374.2295556616589
1292                      1374.242509369545
1293                      1374.2550700986776
1294                      1374.2672378490563
1295                      1374.2790126206814
1296                      1374.290394413553
1297                      1374.3013832276706
1298                      1374.3119790630349
1299                      1374.3221819196456
1300                      1374.3319917975027
1301                      1374.341408696606
1302                      1374.3504326169557
1303                      1374.3590635585522
1304                      1374.365089105748
1305                      1374.3701822465903
1306                      1374.3747318114952
1307                      1374.378737800462
1308                      1374.3822002134912
1309                      1374.385119050583
1310                      1374.3874943117364
1311                      1374.3893259969527
1312                      1374.3906141062307
1313                      1374.3913586395713
1314                      1374.3915595969743
1315                      1374.3912169784392
1316                      1374.3903307839666
1317                      1374.3889010135558
1318                      1374.3869276672078
1319                      1374.384410744922
1320                      1374.3813502466983
1321                      1374.3777461725367
1322                      1374.3735985224378
1323                      1374.3689072964007
1324                      1374.363672494426
1325                      1374.3578941165135
1326                      1374.3515721626636
1327                      1374.3447066328756
1328                      1374.33729752715
1329                      1374.3293448454865
1330                      1374.3208485878854
1331                      1374.3118087543467
1332                      1374.30222534487
1333                      1374.2920983594556
1334                      1374.2814277981036
1335                      1374.2702136608136
1336                      1374.258455947586
1337                      1374.246154658421
1338                      1374.2300652595125
1339                      1374.213227777919
1340                      1374.195659482744
1341                      1374.1773603739882
1342                      1374.1583304516512
1343                      1374.1385697157327
1344                      1374.1180781662335
1345                      1374.0968558031532
1346                      1374.0749026264918
1347                      1374.052218636249
1348                      1374.0288038324254
1349                      1374.0046582150205
1350                      1373.9797817840347
1351                      1373.9541745394677
1352                      1373.9278364813197
1353                      1373.9007676095905
1354                      1373.87296792428
1355                      1373.8444374253884
1356                      1373.815176112916
1357                      1373.7851839868624
1358                      1373.7544610472276
1359                      1373.7230072940117
1360                      1373.6908227272147
1361                      1373.6579073468365
1362                      1373.6242611528774
1363                      1373.589884145337
1364                      1373.5547763242157
1365                      1373.518937689513
1366                      1373.4823682412293
1367                      1373.4450679793647
1368                      1373.4070369039189
1369                      1373.3682750148919
1370                      1373.3287823122837
1371                      1373.2882153376713
1372                      1373.2447668878408
1373                      1373.2004456585105
1374                      1373.1552516496808
1375                      1373.1091848613514
1376                      1373.0622452935224
1377                      1373.014432946194
1378                      1372.9657478193658
1379                      1372.916189913038
1380                      1372.865759227211
1381                      1372.814455761884
1382                      1372.7622795170578
1383                      1372.7092304927316
1384                      1372.655308688906
1385                      1372.6005141055807
1386                      1372.5448467427561
1387                      1372.4883066004315
1388                      1372.4308936786076
1389                      1372.372607977284
1390                      1372.313449496461
1391                      1372.2534182361383
1392                      1372.1925141963159
1393                      1372.130737376994
1394                      1372.0680877781726
1395                      1372.0045653998513
1396                      1371.940170242031
1397                      1371.8749023047105
1398                      1371.8087615878906
1399                      1371.7417480915715
1400                      1371.6738618157524
1401                      1371.605102760434
1402                      1371.5354709256158
1403                      1371.4649663112982
1404                      1371.3935889174807
1405                      1371.3212649932632
1406                      1371.2478782259097
1407                      1371.1736037879325
1408                      1371.0984416793315
1409                      1371.0223919001069
1410                      1370.9454544502582
1411                      1370.8676293297856
1412                      1370.7889165386896
1413                      1370.7093160769693
1414                      1370.6288279446258
1415                      1370.5474521416581
1416                      1370.4651886680667
1417                      1370.3820375238513
1418                      1370.2979987090125
1419                      1370.2130722235495
1420                      1370.1272580674631
1421                      1370.0405562407525
1422                      1369.9529667434183
1423                      1369.86448957546
1424                      1369.7751247368783
1425                      1369.6848722276727
1426                      1369.5937320478433
1427                      1369.50170419739
1428                      1369.4087886763132
1429                      1369.314985484612
1430                      1369.2202946222874
1431                      1369.124716089339
1432                      1369.0282498857666
1433                      1368.9308960115707
1434                      1368.832654466751
1435                      1368.7335252513071
1436                      1368.6335083652395
1437                      1368.5326038085484
1438                      1368.4308115812332
1439                      1368.3291673791048
1440                      1368.2280641094885
1441                      1368.126211116928
1442                      1368.0236084014236
1443                      1367.9202559629744
1444                      1367.8161538015809
1445                      1367.7113019172434
1446                      1367.6057003099613
1447                      1367.4993489797348
1448                      1367.392247926564
1449                      1367.284397150449
1450                      1367.1757966513894
1451                      1367.066446429386
1452                      1366.9563464844377
1453                      1366.8454968165452
1454                      1366.7338974257082
1455                      1366.621548311927
1456                      1366.5084494752018
1457                      1366.3946009155318
1458                      1366.2800026329176
1459                      1366.1646546273591
1460                      1366.0485568988563
1461                      1365.9317094474093
1462                      1365.8141122730176
1463                      1365.6957653756817
1464                      1365.5766687554014
1465                      1365.456822412177
1466                      1365.3362263460083
1467                      1365.214880556895
1468                      1365.0927850448372
1469                      1364.9699398098353
1470                      1364.8463448518892
1471                      1364.7220001709989
1472                      1364.5969057671637
1473                      1364.4734234577095
1474                      1364.351047834605
1475                      1364.2281566810032
1476                      1364.104749996903
1477                      1363.9808277823054
1478                      1363.8563900372098
1479                      1363.7314367616161
1480                      1363.6059679555246
1481                      1363.4799836189352
1482                      1363.353483751848
1483                      1363.2264683542628
1484                      1363.0989374261799
1485                      1362.970890967599
1486                      1362.8423289785203
1487                      1362.7132514589434
1488                      1362.583658408869
1489                      1362.453549828297
1490                      1362.3229257172266
1491                      1362.1917860756582
1492                      1362.060130903592
1493                      1361.927960201028
1494                      1361.795273967966
1495                      1361.6620722044065
1496                      1361.528354910349
1497                      1361.3941220857935
1498                      1361.2593737307402
1499                      1361.1241098451887
1500                      1360.9883304291395
1501                      1360.8520354825928
1502                      1360.7152250055478
1503                      1360.577898998005
1504                      1360.4400574599642
1505                      1360.3017003914256
1506                      1360.1628277923894
1507                      1360.0266316352531
1508                      1359.8912979553775
1509                      1359.7557004017021
1510                      1359.619838974228
1511                      1359.4837136729543
1512                      1359.3473244978816
1513                      1359.2106714490092
1514                      1359.0737545263378
1515                      1358.936573729867
1516                      1358.7991290595971
1517                      1358.6614205155279
1518                      1358.5234480976592
1519                      1358.3852118059915
1520                      1358.2467116405244
1521                      1358.107947601258
1522                      1357.9689196881923
1523                      1357.8296279013275
1524                      1357.6900722406633
1525                      1357.5502527062
1526                      1357.4101692979375
1527                      1357.2698220158752
1528                      1357.1292108600142
1529                      1356.9883358303537
1530                      1356.8471969268937
1531                      1356.7057941496348
1532                      1356.5641274985765
1533                      1356.4221969737187
1534                      1356.280002575062
1535                      1356.137544302606
1536                      1355.9948221563504
1537                      1355.8518361362958
1538                      1355.708586242442
1539                      1355.5650724747888
1540                      1355.421294833336
1541                      1355.2828122649803
1542                      1355.1451565019656
1543                      1355.0076000865045
1544                      1354.8701430185968
1545                      1354.7327852982432
1546                      1354.5955269254425
1547                      1354.4583679001962
1548                      1354.321308222503
1549                      1354.1843478923633
1550                      1354.0474869097777
1551                      1353.9107252747453
1552                      1353.7740629872665
1553                      1353.6375000473415
1554                      1353.50103645497
1555                      1353.3646722101525
1556                      1353.228407312888
1557                      1353.0922417631773
1558                      1352.9561755610205
1559                      1352.820208706417
1560                      1352.6843411993673
1561                      1352.548573039871
1562                      1352.4129042279283
1563                      1352.2773347635393
1564                      1352.1418646467039
1565                      1352.0064938774221
1566                      1351.871222455694
1567                      1351.7360503815194
1568                      1351.6009776548985
1569                      1351.466004275831
1570                      1351.3311302443171
1571                      1351.1963555603572
1572                      1351.0616802239506
1573                      1350.9271042350979
1574                      1350.7926275937984
1575                      1350.6582503000525
1576                      1350.5239723538607
1577                      1350.389793755222
1578                      1350.2557145041371
1579                      1350.1217346006058
1580                      1349.987854044628
1581                      1349.854072836204
1582                      1349.7203909753334
1583                      1349.5868084620165
1584                      1349.4533252962535
1585                      1349.3199414780436
1586                      1349.1866570073878
1587                      1349.0534718842853
1588                      1348.9203861087365
1589                      1348.7873996807411
1590                      1348.6545126002995
1591                      1348.5217248674116
1592                      1348.3890364820772
1593                      1348.256447444296
1594                      1348.1239577540691
1595                      1347.9915674113956
1596                      1347.8592764162754
1597                      1347.7270847687091
1598                      1347.5949924686963
1599                      1347.4629995162372
1600                      1347.3311059113316
1601                      1347.1993116539795
1602                      1347.0676167441814
1603                      1346.9360211819367
1604                      1346.8045249672455
1605                      1346.6731281001078
1606                      1346.541830580524
1607                      1346.4106324084937
1608                      1346.2803309096253
1609                      1346.1539186776956
1610                      1346.0277386451069
1611                      1345.9017908118597
1612                      1345.7760751779529
1613                      1345.6505917433876
1614                      1345.5253405081633
1615                      1345.40032147228
1616                      1345.275534635738
1617                      1345.1509799985367
1618                      1345.0266575606768
1619                      1344.902567322158
1620                      1344.7787092829801
1621                      1344.6550834431434
1622                      1344.5316898026479
1623                      1344.4087910243384
1624                      1344.2930499789284
1625                      1344.1784276960395
1626                      1344.064924175672
1627                      1343.952539417826
1628                      1343.8412734225014
1629                      1343.7311261896978
1630                      1343.6220977194157
1631                      1343.514188011655
1632                      1343.4073970664156
1633                      1343.3017248836973
1634                      1343.1971714635006
1635                      1343.093736805825
1636                      1342.9914209106707
1637                      1342.890223778038
1638                      1342.7901454079265
1639                      1342.6911858003364
1640                      1342.5933449552674
1641                      1342.4966228727199
1642                      1342.4010195526937
1643                      1342.3143045020138
1644                      1342.2368622235779
1645                      1342.1620155617604
1646                      1342.0897645165614
1647                      1342.0201090879812
1648                      1341.9530492760193
1649                      1341.888585080676
1650                      1341.8267165019513
1651                      1341.767443539845
1652                      1341.7107661943573
1653                      1341.6658851849174
1654                      1341.6435636781769
1655                      1341.628747165187
1656                      1341.6214356459477
1657                      1341.621629120459
1658                      1341.629327588721
1659                      1341.6445310507336
1660                      1341.6672395064968