1                         999.9982811076194
2                         998.5576422978692
3                         996.5316828824976
4                         994.2578919723253
5                         991.8294277165971
6                         989.2943332598592
7                         986.6721424973596
8                         983.9826617879182
9                         981.2381547225162
10                        978.4529725870308
11                        975.6336622210847
12                        972.7837067238228
13                        969.9128795874917
14                        967.0172070324664
15                        964.1302494472334
16                        961.23808114193
17                        958.3407021165561
18                        955.4381123711121
19                        952.5401774293232
20                        949.6628595101998
21                        946.7914811138257
22                        943.9260422402008
23                        941.0665428893249
24                        938.2353069921161
25                        935.4327124379099
26                        932.648924026022
27                        929.8839417564524
28                        927.1377656292008
29                        924.4330673502074
30                        921.7566997130434
31                        919.1076159750141
32                        916.4858161361196
33                        913.8939776057249
34                        911.3404143537052
35                        908.81854994093
36                        906.3283843673994
37                        903.8699176331132
38                        901.4445183648528
39                        899.0527085844577
40                        896.6935578539458
41                        894.367066173317
42                        892.0732335425715
43                        889.8120599617093
44                        887.5835454307304
45                        885.3876899496347
46                        883.2244935184223
47                        881.0922752358969
48                        878.9809650009544
49                        876.8997993205184
50                        874.8487781945884
51                        872.827901623165
52                        870.8371696062477
53                        868.8765821438368
54                        866.9461392359322
55                        865.0458408825339
56                        863.1756870836418
57                        861.3208661110552
58                        859.4874524040515
59                        857.6802176995479
60                        855.8991619975445
61                        854.1442852980414
62                        852.4155876010386
63                        850.713068906536
64                        849.0367292145336
65                        847.3865685250313
66                        845.7598043492814
67                        844.1525103501289
68                        842.5696805729451
69                        841.0113150177303
70                        839.4774136844842
71                        837.9679765732068
72                        836.4830036838982
73                        835.0224950165584
74                        833.5864505711872
75                        832.174870347785
76                        830.7847128610945
77                        829.4181795005129
78                        828.0754773174806
79                        826.7566063119976
80                        825.461566484064
81                        824.1903578336796
82                        822.9429803608447
83                        821.719434065559
84                        820.5197189478226
85                        819.3350469755547
86                        818.1637375509586
87                        817.0128975834134
88                        815.8825270729191
89                        814.7726260194754
90                        813.6831944230827
91                        812.6142322837408
92                        811.5657396014498
93                        810.5377163762093
94                        809.5301626080199
95                        808.5430782968812
96                        807.5764634427932
97                        806.6303180457562
98                        805.70464210577
99                        804.7994356228346
100                       803.91469859695
101                       803.0504310281161
102                       802.2066329163332
103                       801.383304261601
104                       800.5586176571232
105                       799.7432298849183
106                       798.9452053249508
107                       798.1645439772207
108                       797.4012458417279
109                       796.6553109184724
110                       795.9267392074543
111                       795.2155307086734
112                       794.5216854221302
113                       793.8452033478242
114                       793.1860844857555
115                       792.544328835924
116                       791.9199363983302
117                       791.3129071729735
118                       790.7232411598544
119                       790.1509383589724
120                       789.5959987703279
121                       789.0584223939208
122                       788.5382092297509
123                       787.998578508763
124                       787.4688956092535
125                       786.9524898670733
126                       786.4493612822224
127                       785.9595098547006
128                       785.4829355845085
129                       785.0196384716453
130                       784.5696185161115
131                       784.132875717907
132                       783.7094100770319
133                       783.299221593486
134                       782.9023102672694
135                       782.5186760983821
136                       782.1483190868241
137                       781.7912392325954
138                       781.447436535696
139                       781.1169109961259
140                       780.799662613885
141                       780.4921632184308
142                       780.1662911275598
143                       779.8501817493315
144                       779.5438350837456
145                       779.2472511308024
146                       778.9604298905017
147                       778.6833713628436
148                       778.4160755478282
149                       778.1585424454553
150                       777.9107720557249
151                       777.6727643786371
152                       777.444519414192
153                       777.2260371623894
154                       777.0173176232292
155                       776.8183607967119
156                       776.629166682837
157                       776.4497352816046
158                       776.2800665930148
159                       776.1201606170678
160                       775.9627723718149
161                       775.7965455857291
162                       775.6375482549698
163                       775.4857803795369
164                       775.3412419594308
165                       775.2039329946509
166                       775.0738534851978
167                       774.9510034310712
168                       774.8353828322712
169                       774.7269916887975
170                       774.6258300006506
171                       774.5318977678302
172                       774.4451949903363
173                       774.3657216681688
174                       774.2934778013281
175                       774.2284633898138
176                       774.170678433626
177                       774.1201229327648
178                       774.0767968872302
179                       774.0332618655623
180                       773.9881261457206
181                       773.9486549894755
182                       773.9148483968276
183                       773.8867063677766
184                       773.8642289023226
185                       773.8474160004657
186                       773.8362676622056
187                       773.8307838875426
188                       773.8309646764765
189                       773.8368100290074
190                       773.8483199451354
191                       773.8654944248603
192                       773.888333468182
193                       773.916837075101
194                       773.9510052456168
195                       773.9908379797298
196                       774.0363352774395
197                       774.0874971387464
198                       774.1335587295393
199                       774.1789954836046
200                       774.2284862695233
201                       774.2820310872953
202                       774.3396299369208
203                       774.4012828183999
204                       774.4669897317323
205                       774.536750676918
206                       774.6105656539573
207                       774.6884346628501
208                       774.7703577035962
209                       774.8563347761958
210                       774.946365880649
211                       775.0404510169554
212                       775.1385901851152
213                       775.2407833851285
214                       775.3470306169953
215                       775.4573318807155
216                       775.5716871762892
217                       775.6771193289904
218                       775.7834102178612
219                       775.892255244532
220                       776.0036544090033
221                       776.1176077112747
222                       776.2341151513465
223                       776.3531767292184
224                       776.4747924448906
225                       776.5989622983631
226                       776.7256862896359
227                       776.8549644187091
228                       776.9867966855822
229                       777.1211830902558
230                       777.2581236327296
231                       777.3976183130037
232                       777.539667131078
233                       777.6842700869527
234                       777.8314271806277
235                       777.9803006481161
236                       778.1203085537151
237                       778.2616418553426
238                       778.404300552999
239                       778.5482846466838
240                       778.6935941363973
241                       778.8402290221394
242                       778.9881893039102
243                       779.1374749817096
244                       779.2880860555375
245                       779.4400225253942
246                       779.5932843912794
247                       779.7478716531932
248                       779.9037843111357
249                       780.061022365107
250                       780.2195858151066
251                       780.379474661135
252                       780.540688903192
253                       780.7032285412776
254                       780.8647181879857
255                       781.0203660897629
256                       781.176400978443
257                       781.3328228540257
258                       781.4896317165112
259                       781.6468275658996
260                       781.8044104021905
261                       781.9623802253843
262                       782.1207370354808
263                       782.2794808324802
264                       782.4386116163823
265                       782.5981293871871
266                       782.7580341448945
267                       782.9183258895049
268                       783.0790046210179
269                       783.2400703394338
270                       783.4015230447524
271                       783.5633627369737
272                       783.7255894160978
273                       783.8851057490106
274                       784.0408420452236
275                       784.196264274296
276                       784.351372436228
277                       784.5061665310193
278                       784.6606465586701
279                       784.8148125191801
280                       784.9686644125499
281                       785.1222022387789
282                       785.2754259978674
283                       785.4283356898152
284                       785.5809313146226
285                       785.7332128722893
286                       785.8851803628155
287                       786.036833786201
288                       786.1881731424462
289                       786.3391984315506
290                       786.4899096535145
291                       786.6403068083379
292                       786.7871659737177
293                       786.9315694996108
294                       787.0751506342646
295                       787.2179093776793
296                       787.3598457298549
297                       787.5009596907911
298                       787.6412512604884
299                       787.7807204389464
300                       787.9193672261653
301                       788.057191622145
302                       788.1941936268854
303                       788.3303732403867
304                       788.4657304626488
305                       788.6002652936718
306                       788.7339777334555
307                       788.8668677820002
308                       788.9989354393056
309                       789.1301807053718
310                       789.2606035801989
311                       789.3881347300044
312                       789.5142342470448
313                       789.639262167741
314                       789.7632184920926
315                       789.8861032201
316                       790.0079163517628
317                       790.1286578870813
318                       790.2483278260555
319                       790.366926168685
320                       790.4844529149702
321                       790.6009080649112
322                       790.7162916185076
323                       790.8306035757597
324                       790.9438439366673
325                       791.0560127012307
326                       791.1671098694495
327                       791.2771354413239
328                       791.3860894168539
329                       791.4939512841455
330                       791.6001969622101
331                       791.7053142020108
332                       791.8093030035469
333                       791.912163366819
334                       792.0138952918268
335                       792.1144987785702
336                       792.2139738270495
337                       792.3123204372645
338                       792.4095386092152
339                       792.5056283429017
340                       792.6005896383241
341                       792.6944224954821
342                       792.7871269143759
343                       792.8787028950055
344                       792.9691504373708
345                       793.0584695414718
346                       793.1466602073086
347                       793.2337224348813
348                       793.3194620318992
349                       793.4033743205224
350                       793.4860700533816
351                       793.5675492304764
352                       793.6478118518071
353                       793.7268579173736
354                       793.8046874271761
355                       793.881300381214
356                       793.956696779488
357                       794.0308766219977
358                       794.1038399087432
359                       794.1755866397244
360                       794.2461168149416
361                       794.3154304343946
362                       794.3835274980834
363                       794.4504080060078
364                       794.5160719581683
365                       794.5805193545644
366                       794.6437501951963
367                       794.7055202575082
368                       794.7657003741986
369                       794.8246041359996
370                       794.8822315429114
371                       794.9385825949338
372                       794.9936572920668
373                       795.0474556343106
374                       795.099977621665
375                       795.1512232541302
376                       795.2011925317058
377                       795.2498854543924
378                       795.2973020221895
379                       795.3434422350972
380                       795.3883060931157
381                       795.4318935962449
382                       795.4742047444846
383                       795.5152395378351
384                       795.5549979762964
385                       795.5934800598682
386                       795.6307388025854
387                       795.6667611139924
388                       795.7015159037659
389                       795.735003171906
390                       795.7672229184125
391                       795.7981751432858
392                       795.8278598465255
393                       795.8562770281318
394                       795.8834266881046
395                       795.9093088264441
396                       795.9339234431499
397                       795.9572705382224
398                       795.9793501116616
399                       796.000162163467
400                       796.0197066936393
401                       796.037983702178
402                       796.0549931890832
403                       796.0707351543551
404                       796.0852095979935
405                       796.0984165199984
406                       796.1103559203699
407                       796.121027799108
408                       796.1304321562127
409                       796.1385689916838
410                       796.1454383055216
411                       796.1510400977259
412                       796.1553743682965
413                       796.158441117234
414                       796.160240344538
415                       796.1607720502084
416                       796.1600362342455
417                       796.1580328966492
418                       796.1547620374195
419                       796.150223656556
420                       796.1444177540593
421                       796.1373443299292
422                       796.1290033841655
423                       796.1194001612525
424                       796.1097575325955
425                       796.0989112500831
426                       796.0868613137153
427                       796.0736077234923
428                       796.0591504794138
429                       796.0434895814799
430                       796.0266250296906
431                       796.008556824046
432                       795.989284964546
433                       795.9688094511906
434                       795.9471302839798
435                       795.9242474629136
436                       795.9001609879922
437                       795.8748708592154
438                       795.8483770765832
439                       795.8206796400956
440                       795.7917785497525
441                       795.7616738055542
442                       795.7303654075006
443                       795.6978533555914
444                       795.6641376498269
445                       795.6292182902071
446                       795.5930952767318
447                       795.5557686094013
448                       795.5172382882153
449                       795.477504313174
450                       795.4365666842772
451                       795.3944254015252
452                       795.3510804649178
453                       795.3065318744549
454                       795.2607796301367
455                       795.213823731963
456                       795.1656641799342
457                       795.1165982445981
458                       795.0680513791697
459                       795.0184157742483
460                       794.9676914298337
461                       794.915878345926
462                       794.8629765225253
463                       794.8089859596315
464                       794.7539066572447
465                       794.6977386153648
466                       794.6404818339918
467                       794.5821363131257
468                       794.5227020527666
469                       794.4621790529144
470                       794.400567313569
471                       794.3378668347307
472                       794.2740776163994
473                       794.2091996585748
474                       794.1432329612574
475                       794.0761775244467
476                       794.008033348143
477                       793.9388004323463
478                       793.8684787770566
479                       793.7970683822737
480                       793.7245692479977
481                       793.6509813742288
482                       793.5763047609667
483                       793.5005394082115
484                       793.4236853159632
485                       793.3457424842219
486                       793.2667109129875
487                       793.1865906022601
488                       793.1053815520396
489                       793.0230837623261
490                       792.9396972331194
491                       792.8561143629756
492                       792.773638911207
493                       792.6902489582956
494                       792.6059445042414
495                       792.5207255490443
496                       792.4345920927045
497                       792.3475441352217
498                       792.2595816765963
499                       792.1707047168278
500                       792.0809132559166
501                       791.9902072938626
502                       791.8985868306657
503                       791.8060518663261
504                       791.7126024008436
505                       791.6182384342181
506                       791.5229599664501
507                       791.4267669975391
508                       791.3296595274853
509                       791.2316375562887
510                       791.1327010839493
511                       791.0328501104669
512                       790.9320846358418
513                       790.8304046600739
514                       790.7278101831631
515                       790.6243012051096
516                       790.5198777259131
517                       790.4145397455738
518                       790.3082872640919
519                       790.201120281467
520                       790.0930387976993
521                       789.9840428127886
522                       789.8741323267353
523                       789.7633073395391
524                       789.6515678512001
525                       789.5402978832831
526                       789.4299511369229
527                       789.3188701386873
528                       789.2070548885761
529                       789.0945053865896
530                       788.9812216327276
531                       788.8672036269902
532                       788.7524513693774
533                       788.636964859889
534                       788.5207440985253
535                       788.403789085286
536                       788.2860998201713
537                       788.1676763031811
538                       788.0485185343155
539                       787.9286265135744
540                       787.8080002409579
541                       787.686639716466
542                       787.5645449400986
543                       787.4417159118557
544                       787.3181526317375
545                       787.1938550997436
546                       787.0688233158744
547                       786.9430572801297
548                       786.8165569925095
549                       786.689322453014
550                       786.5613536616429
551                       786.4326506183965
552                       786.3032133232745
553                       786.173041776277
554                       786.0421359774041
555                       785.9104959266559
556                       785.7781216240321
557                       785.645013069533
558                       785.5111702631583
559                       785.3776068498677
560                       785.2440765410009
561                       785.1099108061172
562                       784.9751096452162
563                       784.8396730582981
564                       784.7036010453628
565                       784.5668936064106
566                       784.4295507414412
567                       784.2915724504546
568                       784.1529587334509
569                       784.0137095904303
570                       783.8738250213922
571                       783.7333050263372
572                       783.5921496052651
573                       783.4503587581759
574                       783.3079324850694
575                       783.1648707859458
576                       783.0211736608053
577                       782.8768411096476
578                       782.7318731324726
579                       782.5862697292806
580                       782.4400309000715
581                       782.2931566448452
582                       782.1456469636018
583                       781.9975018563414
584                       781.8487213230638
585                       781.6993053637691
586                       781.5492539784572
587                       781.3985671671282
588                       781.2472449297821
589                       781.095287266419
590                       780.9426941770386
591                       780.7894656616412
592                       780.6356017202266
593                       780.4819295938122
594                       780.3279638294916
595                       780.173426979713
596                       780.0183190444765
597                       779.862640023782
598                       779.7063899176298
599                       779.5495687260195
600                       779.3921764489514
601                       779.2342130864254
602                       779.0756786384414
603                       778.9165731049997
604                       778.7568964860998
605                       778.5966487817423
606                       778.4358299919267
607                       778.2744401166533
608                       778.1124791559218
609                       777.9499471097326
610                       777.7868439780854
611                       777.6231697609804
612                       777.4589244584173
613                       777.2941080703965
614                       777.1287205969178
615                       776.9627620379811
616                       776.7962323935864
617                       776.6291316637339
618                       776.4614598484235
619                       776.2932169476552
620                       776.1244029614289
621                       775.9550178897449
622                       775.7850617326028
623                       775.6145344900029
624                       775.443436161945
625                       775.2717667484294
626                       775.0995262494556
627                       774.9274643417663
628                       774.7549687835352
629                       774.5819505704237
630                       774.408409702432
631                       774.2343461795598
632                       774.0597600018074
633                       773.8846511691747
634                       773.7090196816616
635                       773.5328655392683
636                       773.3561887419945
637                       773.1789892898405
638                       773.0012671828063
639                       772.8230224208916
640                       772.6442550040966
641                       772.4649649324215
642                       772.2851522058658
643                       772.10481682443
644                       771.9239587881137
645                       771.7425780969171
646                       771.5606747508405
647                       771.3782487498831
648                       771.1953000940458
649                       771.0118287833278
650                       770.8278348177299
651                       770.6433181972515
652                       770.4582789218927
653                       770.2727169916536
654                       770.0866324065342
655                       769.9000251665346
656                       769.7128952716547
657                       769.5252427218943
658                       769.3370675172537
659                       769.1483696577327
660                       768.9591835095187
661                       768.7703518550137
662                       768.5810497366718
663                       768.3912771544927
664                       768.2010341084766
665                       768.0103205986231
666                       767.8191366249326
667                       767.627482187405
668                       767.4353572860402
669                       767.2427619208382
670                       767.0496960917992
671                       766.8561597989229
672                       766.6621530422095
673                       766.467675821659
674                       766.2727281372713
675                       766.0773099890465
676                       765.8814213769846
677                       765.6850623010854
678                       765.4882327613492
679                       765.2909327577759
680                       765.0931622903652
681                       764.8949213591176
682                       764.6962099640326
683                       764.4970281051106
684                       764.2973757823514
685                       764.0972529957553
686                       763.8966597453218
687                       763.6955960310513
688                       763.4940618529436
689                       763.2920572109987
690                       763.0895821052167
691                       762.8866365355976
692                       762.6832205021412
693                       762.4793340048478
694                       762.275231698049
695                       762.0718162336008
696                       761.8680104722685
697                       761.6638144140518
698                       761.4592280589507
699                       761.2542514069652
700                       761.0488844580955
701                       760.8431272123414
702                       760.636979669703
703                       760.4304418301803
704                       760.2235136937732
705                       760.0161952604818
706                       759.808486530306
707                       759.6003875032461
708                       759.3918981793017
709                       759.1830185584729
710                       758.9737486407599
711                       758.7640884261626
712                       758.5540379146809
713                       758.3435971063149
714                       758.1327660010645
715                       757.9215445989298
716                       757.7099328999109
717                       757.4979309040074
718                       757.2855386112199
719                       757.0727560215479
720                       756.8595831349915
721                       756.6460199515509
722                       756.4320664712259
723                       756.2177226940165
724                       756.0029886199229
725                       755.787864248945
726                       755.5723495810826
727                       755.356444616336
728                       755.1404578996525
729                       754.9247309610852
730                       754.7086677003563
731                       754.492268117466
732                       754.2755322124142
733                       754.058459985201
734                       753.8410514358264
735                       753.6233065642903
736                       753.4052253705926
737                       753.1868078547336
738                       752.968054016713
739                       752.7489638565312
740                       752.5295373741878
741                       752.309774569683
742                       752.0896754430166
743                       751.8692399941889
744                       751.6484682231998
745                       751.4273601300491
746                       751.205915714737
747                       750.9841349772634
748                       750.7620179176284
749                       750.5395645358319
750                       750.3167748318739
751                       750.0936488057545
752                       749.8701864574737
753                       749.6463877870314
754                       749.4222527944277
755                       749.1977814796625
756                       748.9729738427357
757                       748.7478298836476
758                       748.5223496023981
759                       748.296532998987
760                       748.0703800734145
761                       747.8438908256804
762                       747.6174014131687
763                       747.3909667311412
764                       747.1642363343375
765                       746.9372102227576
766                       746.7098883964015
767                       746.4822708552692
768                       746.2543575993609
769                       746.0261486286763
770                       745.7976439432157
771                       745.5688435429789
772                       745.3397474279659
773                       745.1103555981769
774                       744.8806680536115
775                       744.6506847942701
776                       744.4204058201526
777                       744.1898311312588
778                       743.958960727589
779                       743.727794609143
780                       743.4963327759207
781                       743.2645752279224
782                       743.0325219651479
783                       742.8001729875973
784                       742.5675282952706
785                       742.3345878881676
786                       742.1013517662883
787                       741.8678199296331
788                       741.6339923782018
789                       741.3998691119943
790                       741.1654501310105
791                       740.9307354352508
792                       740.6957250247146
793                       740.4604188994025
794                       740.2248170593142
795                       739.9889195044498
796                       739.7531559351028
797                       739.5173812603418
798                       739.2813504313682
799                       739.0450634481822
800                       738.8085203107838
801                       738.5717210191729
802                       738.3346655733495
803                       738.0973539733136
804                       737.8597862190653
805                       737.6219623106045
806                       737.3838822479313
807                       737.1455460310457
808                       736.9069536599475
809                       736.6681051346369
810                       736.4290004551137
811                       736.1896396213783
812                       735.9500226334303
813                       735.7101494912698
814                       735.4700201948968
815                       735.2296347443116
816                       734.9889931395137
817                       734.7480953805033
818                       734.5069414672807
819                       734.2655313998454
820                       734.0238651781978
821                       733.7819428023375
822                       733.539764272265
823                       733.2973295879799
824                       733.0546387494823
825                       732.8116917567725
826                       732.56848860985
827                       732.325029308715
828                       732.0813138533676
829                       731.8373422438078
830                       731.5935368966049
831                       731.3496239644608
832                       731.1054862442509
833                       730.861123735975
834                       730.6165364396331
835                       730.3717243552254
836                       730.1266874827519
837                       729.8814258222123
838                       729.635939373607
839                       729.3902281369358
840                       729.1442921121985
841                       728.8981312993955
842                       728.6517456985265
843                       728.4051353095917
844                       728.1583001325909
845                       727.9112401675242
846                       727.6639554143917
847                       727.4164458731932
848                       727.1687115439288
849                       726.9207524265984
850                       726.6725685212023
851                       726.4241598277401
852                       726.1755263462122
853                       725.9266680766183
854                       725.6775850189586
855                       725.4282771732328
856                       725.1787445394413
857                       724.9289871175837
858                       724.6790049076603
859                       724.4287979096711
860                       724.1783661236159
861                       723.9277095494948
862                       723.6768281873078
863                       723.4257220370548
864                       723.1749857975291
865                       722.9241081709937
866                       722.6730427066933
867                       722.421789404628
868                       722.1703482647976
869                       721.9187192872021
870                       721.6669024718415
871                       721.4148978187159
872                       721.1627053278253
873                       720.9103249991695
874                       720.6577568327486
875                       720.4050008285627
876                       720.1520569866119
877                       719.8989253068959
878                       719.645605789415
879                       719.3920984341688
880                       719.1384032411578
881                       718.8845202103815
882                       718.6304493418403
883                       718.376190635534
884                       718.1217440914627
885                       717.8671097096263
886                       717.6122874900249
887                       717.3572774326583
888                       717.1020795375267
889                       716.8466938046301
890                       716.5911202339685
891                       716.3353588255418
892                       716.0794095793499
893                       715.8232724953931
894                       715.5669475736712
895                       715.3104348141842
896                       715.0537342169323
897                       714.796904492197
898                       714.5406539536887
899                       714.2842627636926
900                       714.0277309222089
901                       713.7710584292374
902                       713.5142452847781
903                       713.2572914888312
904                       713.0001970413966
905                       712.7429619424743
906                       712.4855861920641
907                       712.2280697901663
908                       711.9704127367806
909                       711.7126150319073
910                       711.4546766755462
911                       711.1965976676976
912                       710.9383780083612
913                       710.680017697537
914                       710.421516735225
915                       710.1628751214254
916                       709.904092856138
917                       709.6451699393629
918                       709.3861063711
919                       709.1269021513496
920                       708.8675572801112
921                       708.6080717573852
922                       708.3484455831716
923                       708.08867875747
924                       707.8287712802809
925                       707.568723151604
926                       707.3085343714392
927                       707.048204939787
928                       706.7877348566469
929                       706.5271241220191
930                       706.2663727359036
931                       706.0056409805087
932                       705.745359084409
933                       705.4849790813149
934                       705.2245009712265
935                       704.9639247541436
936                       704.7032504300663
937                       704.4424779989947
938                       704.1816074609286
939                       703.9206388158683
940                       703.6595720638135
941                       703.3984072047642
942                       703.1371442387207
943                       702.8757831656827
944                       702.6143239856501
945                       702.3527666986234
946                       702.0911113046024
947                       701.8293578035867
948                       701.5675061955767
949                       701.3055564805724
950                       701.0435086585736
951                       700.7813627295805
952                       700.519118693593
953                       700.2567765506109
954                       699.9943363006347
955                       699.7317979436638
956                       699.4691614796988
957                       699.2064269087392
958                       698.9435942307854
959                       698.680663445837
960                       698.4176345538943
961                       698.1545075549573
962                       697.8912824490258
963                       697.6279592360999
964                       697.3645379161795
965                       697.101174395663
966                       696.8379963696315
967                       696.5747449349594
968                       696.311420091647
969                       696.0480218396939
970                       695.7845501791005
971                       695.5210051098666
972                       695.2573866319921
973                       694.9936947454772
974                       694.7299294503217
975                       694.4660907465259
976                       694.2021786340895
977                       693.9381931130126
978                       693.6741341832952
979                       693.4100018449374
980                       693.1457960979392
981                       692.8815169423003
982                       692.6171643780209
983                       692.3527384051013
984                       692.0882390235408
985                       691.8236662333402
986                       691.5590200344989
987                       691.2943004270172
988                       691.029507410895
989                       690.7646409861322
990                       690.4997011527291
991                       690.2346879106855
992                       689.9696012600012
993                       689.7044412006767
994                       689.4392077327115
995                       689.1739008561059
996                       688.9085205708598
997                       688.6430668769733
998                       688.3775397744462
999                       688.112239296067
1000                      687.8471716677736
1001                      687.5820644210578
1002                      687.316917555919
1003                      687.0517310723575
1004                      686.7865049703734
1005                      686.5212392499662
1006                      686.2559339111365
1007                      685.990588953884
1008                      685.7252043782087
1009                      685.4597801841107
1010                      685.19431637159
1011                      684.9288129406465
1012                      684.6632698912802
1013                      684.3976872234912
1014                      684.1320649372794
1015                      683.8664030326449
1016                      683.6007015095877
1017                      683.3349603681075
1018                      683.0691796082048
1019                      682.8033592298792
1020                      682.5374992331309
1021                      682.2715996179599
1022                      682.0056603843659
1023                      681.7396815323494
1024                      681.4736630619101
1025                      681.207604973048
1026                      680.9415072657631
1027                      680.6753699400555
1028                      680.4091929959252
1029                      680.142976433372
1030                      679.8767202523962
1031                      679.6104244529976
1032                      679.3440890351761
1033                      679.0782558047746
1034                      678.8126958422046
1035                      678.5471435063155
1036                      678.2815987971071
1037                      678.0160617145796
1038                      677.750532258733
1039                      677.4850104295668
1040                      677.2194962270819
1041                      676.9539896512774
1042                      676.688490702154
1043                      676.4229993797112
1044                      676.1575156839493
1045                      675.8920396148682
1046                      675.6265711724678
1047                      675.3611103567483
1048                      675.0956571677094
1049                      674.8302116053516
1050                      674.5647736696745
1051                      674.2993433606782
1052                      674.0339206783626
1053                      673.7685056227278
1054                      673.503098193774
1055                      673.2376983915008
1056                      672.9723062159086
1057                      672.706921666997
1058                      672.4415447447662
1059                      672.1761754492163
1060                      671.9108137803471
1061                      671.6454597381589
1062                      671.3801133226513
1063                      671.1147745338246
1064                      670.8494433716787
1065                      670.5841198362135
1066                      670.3188039274293
1067                      670.0544704306318
1068                      669.7904325860718
1069                      669.5264716073906
1070                      669.2625874945875
1071                      668.9987802476629
1072                      668.7350498666168
1073                      668.4713963514494
1074                      668.2078197021601
1075                      667.9443199187494
1076                      667.6808970012173
1077                      667.4175509495635
1078                      667.1542817637884
1079                      666.8910894438916
1080                      666.6279739898733
1081                      666.3649354017334
1082                      666.1019736794722
1083                      665.8390888230894
1084                      665.5762808325849
1085                      665.3135497079589
1086                      665.0508954492115
1087                      664.7883180563425
1088                      664.525817529352
1089                      664.26339386824
1090                      664.0010470730064
1091                      663.7387771436514
1092                      663.4765840801746
1093                      663.2144678825764
1094                      662.9524285508568
1095                      662.6904660850155
1096                      662.4285804850529
1097                      662.1667717509685
1098                      661.9050398827627
1099                      661.6433848804354
1100                      661.3818067439867
1101                      661.122968737285
1102                      660.8644745886659
1103                      660.6062166788007
1104                      660.3481950076897
1105                      660.0904095753327
1106                      659.8328603817297
1107                      659.5755474268807
1108                      659.3184707107858
1109                      659.0616302334449
1110                      658.8050259948582
1111                      658.5486579950252
1112                      658.2925262339463
1113                      658.0366307116216
1114                      657.7809714280509
1115                      657.5255483832341
1116                      657.2703615771715
1117                      657.0154110098628
1118                      656.760696681308
1119                      656.5062185915074
1120                      656.2519767404608
1121                      655.9979711281683
1122                      655.7442017546298
1123                      655.4906686198452
1124                      655.2373717238147
1125                      654.9843110665382
1126                      654.7314866480158
1127                      654.4788984682474
1128                      654.2265465272329
1129                      653.9744308249725
1130                      653.7225513614662
1131                      653.470908136714
1132                      653.2195011507157
1133                      652.9683304034713
1134                      652.7178448318423
1135                      652.4714452593375
1136                      652.225527089808
1137                      651.9800903232535
1138                      651.7351349596743
1139                      651.4906609990703
1140                      651.2466684414412
1141                      651.0031572867874
1142                      650.760127535109
1143                      650.5175791864054
1144                      650.2755122406771
1145                      650.0339266979239
1146                      649.7928225581461
1147                      649.5521998213433
1148                      649.3120584875156
1149                      649.0723985566631
1150                      648.8332200287857
1151                      648.5945229038838
1152                      648.3563071819567
1153                      648.1185728630048
1154                      647.8813199470283
1155                      647.6445484340267
1156                      647.4082583240004
1157                      647.1724496169492
1158                      646.9371223128733
1159                      646.7022764117723
1160                      646.4679119136466
1161                      646.2340288184962
1162                      646.0006271263208
1163                      645.7677068371207
1164                      645.5352679508956
1165                      645.3033104676457
1166                      645.071834387371
1167                      644.8408397100715
1168                      644.6107190427987
1169                      644.3822795704418
1170                      644.1544115600398
1171                      643.9271150115926
1172                      643.7003899251004
1173                      643.4742363005632
1174                      643.2486541379807
1175                      643.0236434373534
1176                      642.7992041986807
1177                      642.5753364219631
1178                      642.3520401072005
1179                      642.1293152543927
1180                      641.90716186354
1181                      641.6855799346421
1182                      641.4645694676989
1183                      641.2441304627109
1184                      641.0242629196777
1185                      640.8049668385993
1186                      640.586242219476
1187                      640.3680890623076
1188                      640.1505073670941
1189                      639.9334971338355
1190                      639.7170583625319
1191                      639.5011910531831
1192                      639.2858952057894
1193                      639.0711708203504
1194                      638.8570178968664
1195                      638.6434364353373
1196                      638.4304264357633
1197                      638.2179878981439
1198                      638.0061208224796
1199                      637.7948252087701
1200                      637.5841010570158
1201                      637.3739483672161
1202                      637.1667423794989
1203                      636.9638617146512
1204                      636.7618962731867
1205                      636.5608460551056
1206                      636.3607110604075
1207                      636.1614912890929
1208                      635.9631867411615
1209                      635.7657974166133
1210                      635.5693233154484
1211                      635.3737644376666
1212                      635.1791207832683
1213                      634.9853923522533
1214                      634.7925791446214
1215                      634.6006811603728
1216                      634.4096983995074
1217                      634.2196308620254
1218                      634.0304785479266
1219                      633.842241457211
1220                      633.6549195898788
1221                      633.4685129459298
1222                      633.283021525364
1223                      633.0984453281815
1224                      632.9147843543823
1225                      632.7320386039663
1226                      632.5502080769336
1227                      632.3692927732841
1228                      632.189292693018
1229                      632.010207836135
1230                      631.8320382026354
1231                      631.6547837925191
1232                      631.478444605786
1233                      631.3030206424361
1234                      631.1285119024694
1235                      630.9549183858861
1236                      630.7891811064131
1237                      630.6305784544545
1238                      630.4736230832489
1239                      630.3183149927963
1240                      630.1646541830968
1241                      630.0126406541505
1242                      629.8622744059571
1243                      629.7135554385169
1244                      629.5664837518297
1245                      629.4210593458956
1246                      629.2772822207146
1247                      629.1351523762866
1248                      628.9946698126117
1249                      628.85583452969
1250                      628.7186465275213
1251                      628.5831058061057
1252                      628.4492123654431
1253                      628.3169662055337
1254                      628.1863673263773
1255                      628.057415727974
1256                      627.9301114103239
1257                      627.8044543734266
1258                      627.6804446172824
1259                      627.5580821418915
1260                      627.4373669472536
1261                      627.3182990333688
1262                      627.200878400237
1263                      627.0851050478584
1264                      626.9709789762328
1265                      626.8585001853603
1266                      626.7476686752408
1267                      626.6384844458746
1268                      626.5309474972611
1269                      626.4250578294011
1270                      626.3345792395231
1271                      626.252643643178
1272                      626.1734951570509
1273                      626.0971337811418
1274                      626.0235595154506
1275                      625.9527723599775
1276                      625.8847723147222
1277                      625.819559379685
1278                      625.7571335548656
1279                      625.6974948402643
1280                      625.6406432358809
1281                      625.5865787417156
1282                      625.5353013577683
1283                      625.4868110840388
1284                      625.4411079205273
1285                      625.3981918672338
1286                      625.3580629241583
1287                      625.3207210913008
1288                      625.2861663686612
1289                      625.2543987562397
1290                      625.225418254036
1291                      625.1992248620503
1292                      625.1758185802826
1293                      625.1551994087329
1294                      625.1373673474012
1295                      625.1223223962874
1296                      625.1100645553917
1297                      625.1005938247139
1298                      625.093910204254
1299                      625.0900136940121
1300                      625.0889042939881
1301                      625.0905820041822
1302                      625.0950468245943
1303                      625.1022987552243
1304                      625.1296389723112
1305                      625.1639846443857
1306                      625.2022951025037
1307                      625.2445703466653
1308                      625.2908103768707
1309                      625.3410151931198
1310                      625.3951847954124
1311                      625.4533191837487
1312                      625.5154183581286
1313                      625.5814823185523
1314                      625.6515110650195
1315                      625.7255045975303
1316                      625.8034629160849
1317                      625.8853860206831
1318                      625.9712739113249
1319                      626.0611265880104
1320                      626.1549440507396
1321                      626.2527262995122
1322                      626.3544733343286
1323                      626.4601851551888
1324                      626.5698617620925
1325                      626.6835031550398
1326                      626.801109334031
1327                      626.9226802990656
1328                      627.048216050144
1329                      627.1777165872659
1330                      627.3111819104315
1331                      627.4486120196408
1332                      627.5900069148936
1333                      627.7353665961904
1334                      627.8846910635305
1335                      628.0379803169144
1336                      628.1952343563419
1337                      628.3564531818131
1338                      628.5273969064781
1339                      628.702668483833
1340                      628.8822372555456
1341                      629.0661032216158
1342                      629.2542663820436
1343                      629.4467267368291
1344                      629.6434842859721
1345                      629.8445390294729
1346                      630.0498909673312
1347                      630.259540099547
1348                      630.4734864261206
1349                      630.6917299470518
1350                      630.9142706623405
1351                      631.1411085719869
1352                      631.372243675991
1353                      631.6076759743527
1354                      631.8474054670719
1355                      632.0914321541486
1356                      632.3397560355832
1357                      632.5923771113752
1358                      632.8492953815249
1359                      633.1105108460322
1360                      633.3760235048971
1361                      633.6458333581197
1362                      633.9199404056999
1363                      634.1983446476377
1364                      634.481046083933
1365                      634.7680447145862
1366                      635.0593405395966
1367                      635.3549335589651
1368                      635.6548237726909
1369                      635.9590111807744
1370                      636.2674957832155
1371                      636.5773362324697
1372                      636.8730558001308
1373                      637.1718567785862
1374                      637.4737391678354
1375                      637.778702967879
1376                      638.0867481787167
1377                      638.3978748003485
1378                      638.7120828327744
1379                      639.0293722759945
1380                      639.3497431300087
1381                      639.6731953948171
1382                      639.9997290704196
1383                      640.3293441568162
1384                      640.6620406540071
1385                      640.9978185619921
1386                      641.336677880771
1387                      641.6786186103443
1388                      642.0236407507116
1389                      642.3717443018732
1390                      642.7229292638287
1391                      643.0771956365785
1392                      643.4345434201224
1393                      643.7949726144604
1394                      644.1584832195927
1395                      644.5250752355189
1396                      644.8947486622394
1397                      645.2675034997542
1398                      645.6433397480629
1399                      646.0222574071656
1400                      646.4042564770627
1401                      646.7893369577539
1402                      647.1774988492392
1403                      647.5687421515186
1404                      647.9630668645923
1405                      648.3531548170106
1406                      648.7274645016875
1407                      649.1033779772348
1408                      649.4808952436525
1409                      649.8600163009406
1410                      650.240741149099
1411                      650.6230697881279
1412                      651.0070022180272
1413                      651.3925384387969
1414                      651.779678450437
1415                      652.1684222529476
1416                      652.5587698463285
1417                      652.9507212305797
1418                      653.3442764057014
1419                      653.7394353716935
1420                      654.1361981285561
1421                      654.5345646762889
1422                      654.9345350148922
1423                      655.3361091443659
1424                      655.73928706471
1425                      656.1440687759244
1426                      656.5504542780094
1427                      656.9584435709646
1428                      657.3680366547903
1429                      657.7792335294865
1430                      658.192034195053
1431                      658.60643865149
1432                      659.022446898797
1433                      659.4400589369748
1434                      659.859274766023
1435                      660.2800943859414
1436                      660.7025177967303
1437                      661.1265449983896
1438                      661.5521759909193
1439                      661.9688768111315
1440                      662.3726512361355
1441                      662.7766263993348
1442                      663.1808023007295
1443                      663.5851789403197
1444                      663.9897563181052
1445                      664.3945344340864
1446                      664.7995132882627
1447                      665.2046928806344
1448                      665.6100732112017
1449                      666.0156542799643
1450                      666.4214360869224
1451                      666.8274186320758
1452                      667.2336019154247
1453                      667.639985936969
1454                      668.0465706967086
1455                      668.4533561946438
1456                      668.8603424307743
1457                      669.2675294051003
1458                      669.6749171176215
1459                      670.0825055683382
1460                      670.4902947572505
1461                      670.898284684358
1462                      671.306475349661
1463                      671.7148667531594
1464                      672.1234588948532
1465                      672.5322517747425
1466                      672.9412453928272
1467                      673.3504397491073
1468                      673.7598348435826
1469                      674.1694306762535
1470                      674.5792272471197
1471                      674.9892245561815
1472                      675.3994226034387
1473                      675.8040882594091
1474                      676.2044483631237
1475                      676.6044407209239
1476                      677.0040653328098
1477                      677.4033221987814
1478                      677.8022113188385
1479                      678.2007326929814
1480                      678.59888632121
1481                      678.9966722035242
1482                      679.3940903399241
1483                      679.7911407304097
1484                      680.1878233749809
1485                      680.5841382736377
1486                      680.9800854263804
1487                      681.3756648332086
1488                      681.7708764941224
1489                      682.165720409122
1490                      682.560196578207
1491                      682.9543050013779
1492                      683.3480456786344
1493                      683.7414186099764
1494                      684.1344237954044
1495                      684.5270612349179
1496                      684.9193309285171
1497                      685.3112328762019
1498                      685.7027670779725
1499                      686.0939335338285
1500                      686.4847322437704
1501                      686.8751632077979
1502                      687.2652264259109
1503                      687.6549218981097
1504                      688.0442496243943
1505                      688.4332096047644
1506                      688.8218018392201
1507                      689.2050685760266
1508                      689.5858272538142
1509                      689.9658273140635
1510                      690.3450687567748
1511                      690.7235515819482
1512                      691.1012757895835
1513                      691.4782413796805
1514                      691.8544483522397
1515                      692.2298967072609
1516                      692.6045864447439
1517                      692.9785175646888
1518                      693.3516900670958
1519                      693.7241039519646
1520                      694.0957592192955
1521                      694.4666558690881
1522                      694.8367939013427
1523                      695.2061733160594
1524                      695.574794113238
1525                      695.9426562928785
1526                      696.309759854981
1527                      696.6761047995454
1528                      697.0416911265718
1529                      697.4065188360601
1530                      697.7705879280104
1531                      698.1338984024226
1532                      698.4964502592966
1533                      698.8582434986326
1534                      699.2192781204308
1535                      699.5795541246907
1536                      699.9390715114125
1537                      700.2978302805965
1538                      700.6558304322423
1539                      701.01307196635
1540                      701.3695548829196
1541                      701.7232714791387
1542                      702.0758355415584
1543                      702.4275098032239
1544                      702.7782942641352
1545                      703.1281889242924
1546                      703.4771937836956
1547                      703.8253088423446
1548                      704.1725341002395
1549                      704.5188695573802
1550                      704.8643152137668
1551                      705.2088710693994
1552                      705.5525371242776
1553                      705.8953133784019
1554                      706.2371998317719
1555                      706.578196484388
1556                      706.9183033362497
1557                      707.2575203873574
1558                      707.595847637711
1559                      707.9332850873103
1560                      708.2698327361556
1561                      708.6054905842469
1562                      708.9402586315839
1563                      709.2741368781669
1564                      709.6071253239957
1565                      709.9392239690703
1566                      710.2704328133908
1567                      710.6007518569571
1568                      710.9301810997695
1569                      711.2587205418278
1570                      711.5863701831316
1571                      711.9131300236816
1572                      712.2390000634772
1573                      712.5639803025189
1574                      712.8880707408064
1575                      713.2112713783397
1576                      713.5335822151188
1577                      713.8550032511441
1578                      714.175534486415
1579                      714.4951759209318
1580                      714.8139275546946
1581                      715.1317893877032
1582                      715.4487614199576
1583                      715.7648436514579
1584                      716.0800360822042
1585                      716.3943387121963
1586                      716.7077515414342
1587                      717.0202745699179
1588                      717.3319077976477
1589                      717.6426512246233
1590                      717.9525048508447
1591                      718.2614686763118
1592                      718.5695427010252
1593                      718.876726924984
1594                      719.1830213481888
1595                      719.4884259706397
1596                      719.7929407923364
1597                      720.0965658132789
1598                      720.3993010334673
1599                      720.7011464529016
1600                      721.0021020715817
1601                      721.3021678895076
1602                      721.6013439066794
1603                      721.8996301230973
1604                      722.1970265387608
1605                      722.4935331536702
1606                      722.7891499678257
1607                      723.0838769812269
1608                      723.377082017144
1609                      723.6663923333391
1610                      723.9547075143878
1611                      724.2420275602899
1612                      724.5283524710452
1613                      724.813682246654
1614                      725.098016887116
1615                      725.3813563924315
1616                      725.6637007626005
1617                      725.9450499976226
1618                      726.2254040974981
1619                      726.5047630622272
1620                      726.7831268918096
1621                      727.0604955862453
1622                      727.3368691455343
1623                      727.6121705084067
1624                      727.8844448902856
1625                      728.1554640329116
1626                      728.4252279362848
1627                      728.6937366004051
1628                      728.9609900252728
1629                      729.2269882108877
1630                      729.4917311572497
1631                      729.7552188643588
1632                      730.0174513322152
1633                      730.2784285608188
1634                      730.5381505501697
1635                      730.7966173002677
1636                      731.0538288111129
1637                      731.3097850827053
1638                      731.564486115045
1639                      731.8179319081318
1640                      732.0701224619658
1641                      732.321057776547
1642                      732.5707378518754
1643                      732.8186652469047
1644                      733.0648153439176
1645                      733.3096156464037
1646                      733.553066154363
1647                      733.7951668677954
1648                      734.0359177867009
1649                      734.2753189110795
1650                      734.5133702409311
1651                      734.750071776256
1652                      734.9854235170541
1653                      735.2191078669173
1654                      735.4507532958701
1655                      735.6808794652281
1656                      735.9094863749914
1657                      736.13657402516
1658                      736.362142415734
1659                      736.5861915467134
1660                      736.8087214180979