1                         -0.8392649383686746
2                         -158.69253355403094
3                         -237.34594855677295
4                         -293.38038242973556
5                         -338.9451664223972
6                         -378.4153827596503
7                         -413.15048938847
8                         -444.55486705759154
9                         -473.35028870025724
10                        -500.2123869751332
11                        -525.4339938188186
12                        -549.0976772911089
13                        -571.5176988752117
14                        -592.5577577248247
15                        -613.0781325554156
16                        -632.7218556700345
17                        -651.4889270686816
18                        -669.379346751345
19                        -686.5707183214521
20                        -703.3504008381192
21                        -719.4541633342694
22                        -734.8820058098764
23                        -749.6339282649637
24                        -764.0822008725858
25                        -778.23312525269
26                        -791.9226912283074
27                        -805.1508987994089
28                        -817.9177479660176
29                        -830.5667073279291
30                        -842.8986011991401
31                        -854.8975717854212
32                        -866.563619086766
33                        -877.9442225351539
34                        -889.1868166515596
35                        -900.1747791523607
36                        -910.9081100375395
37                        -921.386809307099
38                        -931.717982780421
39                        -941.9424827757562
40                        -951.9874951966677
41                        -961.8530200431439
42                        -971.539057315214
43                        -981.0456070128663
44                        -990.372669136089
45                        -999.5202436848969
46                        -1008.4883306592753
47                        -1017.2976606539592
48                        -1026.0724284670878
49                        -1034.6987200375288
50                        -1043.1765353652559
51                        -1051.5058744502867
52                        -1059.6867372926213
53                        -1067.719123892245
54                        -1075.6030342491752
55                        -1083.3384683634006
56                        -1090.9254262349323
57                        -1098.500064355276
58                        -1106.0065435726262
59                        -1113.4009997984151
60                        -1120.683433032657
61                        -1127.8538432753403
62                        -1134.9122305264825
63                        -1141.8585947860806
64                        -1148.6929360541203
65                        -1155.4152543306188
66                        -1162.066422540299
67                        -1168.7041159866365
68                        -1175.2549754365784
69                        -1181.7190008901339
70                        -1188.0961923472837
71                        -1194.38654980805
72                        -1200.5900732724162
73                        -1206.7067627403846
74                        -1212.7366182119574
75                        -1218.6796396871423
76                        -1224.619303733274
77                        -1230.4951910437533
78                        -1236.3016188872691
79                        -1242.0385872638274
80                        -1247.7060961734167
81                        -1253.3041456160365
82                        -1258.8327355917033
83                        -1264.291866100395
84                        -1269.681537142128
85                        -1275.0503742701546
86                        -1280.4076764943995
87                        -1285.7141201759441
88                        -1290.9697053147827
89                        -1296.174431910915
90                        -1301.3282999643309
91                        -1306.431309475067
92                        -1311.483460443084
93                        -1316.4847528683888
94                        -1321.4351867510022
95                        -1326.3347620909067
96                        -1331.183478888096
97                        -1335.9813371425926
98                        -1340.7283368543742
99                        -1345.424478023457
100                       -1350.0697606498409
101                       -1354.664184733507
102                       -1359.20775027447
103                       -1363.7004572727342
104                       -1368.2010972860605
105                       -1372.6809665466815
106                       -1377.1183438549583
107                       -1381.5132292109047
108                       -1385.8656226144954
109                       -1390.1755240657565
110                       -1394.4429335646796
111                       -1398.6678511112648
112                       -1402.8502767054972
113                       -1406.9902103474062
114                       -1411.087652036958
115                       -1415.1426017741803
116                       -1419.1550595590502
117                       -1423.1250253915891
118                       -1427.0524992717915
119                       -1430.937481199653
120                       -1434.7799711751702
121                       -1438.5799691983423
122                       -1442.337475269182
123                       -1446.1412227138446
124                       -1449.92036778008
125                       -1453.6668784704314
126                       -1457.3807547848942
127                       -1461.0619967234686
128                       -1464.7106042861415
129                       -1468.3265774729432
130                       -1471.9099162838318
131                       -1475.4606207188554
132                       -1478.9786907779728
133                       -1482.4641264612003
134                       -1485.9169277685482
135                       -1489.337094700002
136                       -1492.7246272555642
137                       -1496.0795254352408
138                       -1499.401789239029
139                       -1502.6914186669128
140                       -1505.948413718933
141                       -1509.179834813215
142                       -1512.4419578111033
143                       -1515.6784793836919
144                       -1518.8893995310013
145                       -1522.074718253011
146                       -1525.234435549743
147                       -1528.3685514211768
148                       -1531.4770658673342
149                       -1534.5599788881818
150                       -1537.6172904837588
151                       -1540.649000654045
152                       -1543.6551093990404
153                       -1546.6356167187491
154                       -1549.59052261317
155                       -1552.5198270823012
156                       -1555.4235301261415
157                       -1558.3016317446968
158                       -1561.1541319379583
159                       -1563.9810307059363
160                       -1566.7966296025556
161                       -1569.6233458444256
162                       -1572.4294612968008
163                       -1575.2149759596987
164                       -1577.97988983309
165                       -1580.7242029170277
166                       -1583.4479152114645
167                       -1586.1510267164067
168                       -1588.8335374318701
169                       -1591.4954473578518
170                       -1594.136756494343
171                       -1596.7574648413513
172                       -1599.3575723988677
173                       -1601.9370791669082
174                       -1604.4959851454569
175                       -1607.034290334509
176                       -1609.5519947340915
177                       -1612.0490983441778
178                       -1614.5256011647823
179                       -1616.9987820234746
180                       -1619.4718737691855
181                       -1621.9279998324325
182                       -1624.3671602132129
183                       -1626.7893549114972
184                       -1629.1945839273367
185                       -1631.5828472606815
186                       -1633.9541449115657
187                       -1636.3084768799786
188                       -1638.6458431659044
189                       -1640.9662437693794
190                       -1643.2696786903703
191                       -1645.5561479288883
192                       -1647.825651484943
193                       -1650.0781893585129
194                       -1652.3137615496164
195                       -1654.5323680582442
196                       -1656.7340088844069
197                       -1658.9186840280968
198                       -1661.1046181392132
199                       -1663.2842343974444
200                       -1665.4496115713875
201                       -1667.600749661056
202                       -1669.7376486664334
203                       -1671.8603085875304
204                       -1673.9687294243408
205                       -1676.0629111768694
206                       -1678.1428538451157
207                       -1680.208557429074
208                       -1682.260021928752
209                       -1684.2972473441566
210                       -1686.3202336752702
211                       -1688.3289809220976
212                       -1690.323489084647
213                       -1692.3037581629117
214                       -1694.269788156894
215                       -1696.22157906659
216                       -1698.159130892004
217                       -1700.1007005117108
218                       -1702.0325263341783
219                       -1703.9522231914057
220                       -1705.859791083408
221                       -1707.7552300101747
222                       -1709.6385399717117
223                       -1711.5097209679973
224                       -1713.368772999075
225                       -1715.215696064907
226                       -1717.0504901655079
227                       -1718.8731553008777
228                       -1720.683691471015
229                       -1722.482098675921
230                       -1724.2683769155872
231                       -1726.0425261900268
232                       -1727.8045464992338
233                       -1729.5544378432066
234                       -1731.2922002219511
235                       -1733.0189775023248
236                       -1734.7492180562879
237                       -1736.4690073454622
238                       -1738.1783453698283
239                       -1739.8772321293966
240                       -1741.5656676241758
241                       -1743.243651854159
242                       -1744.911184819353
243                       -1746.5682665197344
244                       -1748.2148969553195
245                       -1749.851076126116
246                       -1751.4768040321171
247                       -1753.0920806733177
248                       -1754.6969060497147
249                       -1756.2912801613315
250                       -1757.875203008137
251                       -1759.448674590151
252                       -1761.01169490737
253                       -1762.5642639597866
254                       -1764.1098326546912
255                       -1765.6553623396019
256                       -1767.1918040585533
257                       -1768.7191578115535
258                       -1770.237423598577
259                       -1771.7466014196461
260                       -1773.2466912747518
261                       -1774.7376931638987
262                       -1776.2196070870837
263                       -1777.692433044304
264                       -1779.1561710355725
265                       -1780.610821060875
266                       -1782.056383120217
267                       -1783.492857213596
268                       -1784.9202433410217
269                       -1786.338541502484
270                       -1787.7477516979832
271                       -1789.1478739275235
272                       -1790.5389081911003
273                       -1791.925834345552
274                       -1793.3103722270264
275                       -1794.6869492892365
276                       -1796.0555655321712
277                       -1797.4162209558374
278                       -1798.768915560235
279                       -1800.1136493453484
280                       -1801.450422311202
281                       -1802.7792344577829
282                       -1804.1000857850938
283                       -1805.4129762931336
284                       -1806.7179059819061
285                       -1808.0148748514002
286                       -1809.3038829016261
287                       -1810.5849301325877
288                       -1811.858016544265
289                       -1813.1231421366854
290                       -1814.3803069098303
291                       -1815.6295108636994
292                       -1816.8767470915736
293                       -1818.1200035647382
294                       -1819.3562441650313
295                       -1820.5854688924383
296                       -1821.807677746956
297                       -1823.0228707286005
298                       -1824.2310478373547
299                       -1825.432209073221
300                       -1826.6263544362216
301                       -1827.8134839263303
302                       -1828.9935975435558
303                       -1830.166695287902
304                       -1831.3327771593654
305                       -1832.4918431579524
306                       -1833.6438932836477
307                       -1834.788927536464
308                       -1835.9269459163982
309                       -1837.057948423448
310                       -1838.1819350576231
311                       -1839.3055600461025
312                       -1840.4241282615785
313                       -1841.536481957422
314                       -1842.6426211336607
315                       -1843.7425457902873
316                       -1844.836255927287
317                       -1845.923751544694
318                       -1847.0050326424666
319                       -1848.0800992206257
320                       -1849.1489512791918
321                       -1850.2115888181238
322                       -1851.2680118374467
323                       -1852.318220337153
324                       -1853.3622143172383
325                       -1854.3999937777219
326                       -1855.4315587185845
327                       -1856.456909139838
328                       -1857.4760450414765
329                       -1858.4892140663874
330                       -1859.502743515702
331                       -1860.5107447056332
332                       -1861.513217636175
333                       -1862.5101623073583
334                       -1863.5015787191553
335                       -1864.4874668715734
336                       -1865.4678267646182
337                       -1866.4426583982765
338                       -1867.411961772559
339                       -1868.3757368874649
340                       -1869.3339837429921
341                       -1870.2867023391548
342                       -1871.2338926759269
343                       -1872.175554753327
344                       -1873.1116885713454
345                       -1874.0422941299803
346                       -1874.9673714292508
347                       -1875.8869204691377
348                       -1876.8022474772044
349                       -1877.7167471510584
350                       -1878.626311284773
351                       -1879.530939878351
352                       -1880.4306329317926
353                       -1881.325390445099
354                       -1882.2152124182658
355                       -1883.1000988513006
356                       -1883.9800497441915
357                       -1884.8550650969487
358                       -1885.725144909568
359                       -1886.5902891820417
360                       -1887.4504979143908
361                       -1888.3057711066017
362                       -1889.1561087586601
363                       -1890.0015108706025
364                       -1890.8419774423905
365                       -1891.6775084740555
366                       -1892.5081039655734
367                       -1893.3358703587783
368                       -1894.1619217334387
369                       -1894.9835533408682
370                       -1895.8007651810738
371                       -1896.613557254038
372                       -1897.4219295597857
373                       -1898.2258820983166
374                       -1899.0254148696047
375                       -1899.8205278736689
376                       -1900.6112211105064
377                       -1901.3974945801244
378                       -1902.179348282498
379                       -1902.9567822176534
380                       -1903.7297963855794
381                       -1904.4983907862784
382                       -1905.262565419755
383                       -1906.0223202860093
384                       -1906.7776553850206
385                       -1907.5285707168139
386                       -1908.2795212063193
387                       -1909.0294068241058
388                       -1909.7756149590828
389                       -1910.5181456112532
390                       -1911.2569987806128
391                       -1911.9921744671567
392                       -1912.723672670897
393                       -1913.451493391822
394                       -1914.1756366299446
395                       -1914.896102385249
396                       -1915.6128906577464
397                       -1916.3260014474304
398                       -1917.0354347543046
399                       -1917.741190578375
400                       -1918.4432689196242
401                       -1919.1416697780712
402                       -1919.8363931537074
403                       -1920.527439046528
404                       -1921.2148074565462
405                       -1921.8984983837463
406                       -1922.5785118281383
407                       -1923.2548477897176
408                       -1923.927506268492
409                       -1924.5964872644554
410                       -1925.2617907776046
411                       -1925.9234168079386
412                       -1926.5813653554746
413                       -1927.235636420197
414                       -1927.886230002108
415                       -1928.5331461012065
416                       -1929.1763847174943
417                       -1929.8159458509708
418                       -1930.4518295016394
419                       -1931.0840356695014
420                       -1931.7125643545464
421                       -1932.3374155567833
422                       -1932.9585892762136
423                       -1933.5761182962535
424                       -1934.1976468222902
425                       -1934.8158971049052
426                       -1935.4308691440754
427                       -1936.042562939805
428                       -1936.650978492103
429                       -1937.2561158009485
430                       -1937.857974866374
431                       -1938.4565556883547
432                       -1939.0518582669079
433                       -1939.6438826020076
434                       -1940.2326286936798
435                       -1940.8180965419099
436                       -1941.4002861467127
437                       -1941.9791975080664
438                       -1942.5548306259866
439                       -1943.1271855004693
440                       -1943.6962621315172
441                       -1944.2620605191248
442                       -1944.824580663302
443                       -1945.3838225640284
444                       -1945.9397862213318
445                       -1946.4924716351902
446                       -1947.041878805617
447                       -1947.588007732603
448                       -1948.1308584161502
449                       -1948.6704308562555
450                       -1949.2067250529274
451                       -1949.7397410061733
452                       -1950.269478715957
453                       -1950.7959381823275
454                       -1951.319119405252
455                       -1951.8390223847373
456                       -1952.3556471207821
457                       -1952.8704430112261
458                       -1953.390360118246
459                       -1953.9075592681677
460                       -1954.4220404609941
461                       -1954.9338036967238
462                       -1955.4428489753493
463                       -1955.9491762968826
464                       -1956.4527856613088
465                       -1956.953677068644
466                       -1957.4518505188855
467                       -1957.9473060120245
468                       -1958.4400435480711
469                       -1958.9300631270078
470                       -1959.4173647488578
471                       -1959.9019484136097
472                       -1960.3838141212548
473                       -1960.862961871816
474                       -1961.3393916652617
475                       -1961.8131035016222
476                       -1962.2840973808845
477                       -1962.7523733030487
478                       -1963.21793126811
479                       -1963.6807712760794
480                       -1964.1408933269533
481                       -1964.5982974207216
482                       -1965.0529835573975
483                       -1965.5049517369769
484                       -1965.9542019594521
485                       -1966.400734224832
486                       -1966.8445485331106
487                       -1967.2856448843074
488                       -1967.7240232783927
489                       -1968.1596837153738
490                       -1968.592626195276
491                       -1969.025151931141
492                       -1969.4606229051064
493                       -1969.893825227462
494                       -1970.3247588982063
495                       -1970.7534239173508
496                       -1971.179820284874
497                       -1971.6039480008035
498                       -1972.025807065113
499                       -1972.4453974778257
500                       -1972.8627192389258
501                       -1973.2777723484262
502                       -1973.6905568063007
503                       -1974.10107261258
504                       -1974.5093197672438
505                       -1974.9152982703065
506                       -1975.3190081217592
507                       -1975.7204493216066
508                       -1976.1196218698428
509                       -1976.5165257664721
510                       -1976.9111610114915
511                       -1977.3035276048995
512                       -1977.6936255467097
513                       -1978.0814548368996
514                       -1978.4670154754945
515                       -1978.8503074624764
516                       -1979.2313307978532
517                       -1979.610085481614
518                       -1979.9865715137696
519                       -1980.360788894327
520                       -1980.7327376232613
521                       -1981.1024177005963
522                       -1981.4698291263228
523                       -1981.8349719004395
524                       -1982.1978460229493
525                       -1982.5613124469287
526                       -1982.9263090318013
527                       -1983.2894095638046
528                       -1983.6506140429533
529                       -1984.0099224692315
530                       -1984.3673348426507
531                       -1984.7228511632006
532                       -1985.076471430889
533                       -1985.428195645712
534                       -1985.778023807675
535                       -1986.1259559167672
536                       -1986.4719919729991
537                       -1986.816131976369
538                       -1987.1583759268756
539                       -1987.498723824513
540                       -1987.8371756692857
541                       -1988.173731461201
542                       -1988.508391200247
543                       -1988.8411548864265
544                       -1989.1720225197516
545                       -1989.5009941002133
546                       -1989.8280696278032
547                       -1990.1532491025266
548                       -1990.476532524391
549                       -1990.7979198933951
550                       -1991.11741120953
551                       -1991.4350064728058
552                       -1991.750705683211
553                       -1992.064508840753
554                       -1992.376415945439
555                       -1992.6864269972586
556                       -1992.994541996206
557                       -1993.3007609422932
558                       -1993.6050838355213
559                       -1993.910681061637
560                       -1994.2167823015566
561                       -1994.521296587064
562                       -1994.8242239181725
563                       -1995.1255642948647
564                       -1995.4253177171593
565                       -1995.7234841850418
566                       -1996.0200636985282
567                       -1996.3150562575997
568                       -1996.6084618622692
569                       -1996.900280512524
570                       -1997.190512208378
571                       -1997.4791569498232
572                       -1997.7662147368678
573                       -1998.0516855695003
574                       -1998.335569447722
575                       -1998.6178663715436
576                       -1998.8985763409632
577                       -1999.1776993559722
578                       -1999.4552354165676
579                       -1999.7311845227684
580                       -2000.005546674556
581                       -2000.278321871937
582                       -2000.5495101149102
583                       -2000.819111403479
584                       -2001.0871257376368
585                       -2001.3535531174016
586                       -2001.6183935427484
587                       -2001.8816470136892
588                       -2002.1433135302295
589                       -2002.403393092353
590                       -2002.661885700078
591                       -2002.9187913533967
592                       -2003.174110052306
593                       -2003.431147114065
594                       -2003.68796286711
595                       -2003.9434487443598
596                       -2004.1976047458
597                       -2004.4504308714215
598                       -2004.7019271212364
599                       -2004.9520934952504
600                       -2005.2009299934457
601                       -2005.4484366158388
602                       -2005.6946133624162
603                       -2005.9394602331943
604                       -2006.1829772281537
605                       -2006.4251643473033
606                       -2006.6660215906463
607                       -2006.905548958187
608                       -2007.1437464499134
609                       -2007.3806140658373
610                       -2007.616151805943
611                       -2007.8503596702387
612                       -2008.0832376587323
613                       -2008.3147857714146
614                       -2008.5450040082915
615                       -2008.7738923693528
616                       -2009.0014508546103
617                       -2009.2276794640552
618                       -2009.452578197696
619                       -2009.6761470555173
620                       -2009.898386037543
621                       -2010.1192951437463
622                       -2010.3388743741484
623                       -2010.5571237287436
624                       -2010.774043207522
625                       -2010.9896328104978
626                       -2011.2038925376612
627                       -2011.4201413281228
628                       -2011.6356686891788
629                       -2011.8500805843594
630                       -2012.0633770136542
631                       -2012.2755579770721
632                       -2012.4866234746144
633                       -2012.6965735062722
634                       -2012.905408072056
635                       -2013.1131271719626
636                       -2013.319730805985
637                       -2013.5252189741348
638                       -2013.7295916764
639                       -2013.9328489127886
640                       -2014.134990683297
641                       -2014.336016987927
642                       -2014.5359278266726
643                       -2014.7347231995484
644                       -2014.9324031065414
645                       -2015.12896754765
646                       -2015.3244165228948
647                       -2015.5187500322452
648                       -2015.7119680757285
649                       -2015.9040706533262
650                       -2016.095057765041
651                       -2016.284929410883
652                       -2016.4736855908452
653                       -2016.6613263049346
654                       -2016.847851553131
655                       -2017.033261335452
656                       -2017.2175556519046
657                       -2017.4007345024713
658                       -2017.582797887158
659                       -2017.763745805965
660                       -2017.943696282891
661                       -2018.1255436902277
662                       -2018.3064548716754
663                       -2018.4864298272432
664                       -2018.6654685569194
665                       -2018.843571060707
666                       -2019.0207373386088
667                       -2019.1969673906235
668                       -2019.3722612167478
669                       -2019.5466188169864
670                       -2019.720040191332
671                       -2019.892525339793
672                       -2020.06407426237
673                       -2020.2346869590554
674                       -2020.4043634298548
675                       -2020.573103674764
676                       -2020.740907693782
677                       -2020.907775486924
678                       -2021.073707054163
679                       -2021.2387023955264
680                       -2021.4027615109878
681                       -2021.5658844005782
682                       -2021.7280710642724
683                       -2021.889321502078
684                       -2022.0496357139964
685                       -2022.2090137000275
686                       -2022.3674554601714
687                       -2022.524960994428
688                       -2022.6815303027918
689                       -2022.8371633852753
690                       -2022.9918602418659
691                       -2023.145620872565
692                       -2023.2984452773883
693                       -2023.4503334563128
694                       -2023.6017622080394
695                       -2023.7544216008923
696                       -2023.9062948673838
697                       -2024.0573820075406
698                       -2024.2076830213332
699                       -2024.3571979087924
700                       -2024.5059266698888
701                       -2024.6538693046475
702                       -2024.8010258130466
703                       -2024.9473961951064
704                       -2025.0929804508107
705                       -2025.237778580173
706                       -2025.3817905831797
707                       -2025.5250164598415
708                       -2025.667456210151
709                       -2025.8091098341122
710                       -2025.9499773317254
711                       -2026.0900587029923
712                       -2026.2293539479124
713                       -2026.3678630664756
714                       -2026.5055860586924
715                       -2026.6425229245656
716                       -2026.778673664079
717                       -2026.914038277253
718                       -2027.0486167640747
719                       -2027.1824091245485
720                       -2027.315415358674
721                       -2027.447635466446
722                       -2027.5790694478726
723                       -2027.709717302954
724                       -2027.8395790316818
725                       -2027.968654634063
726                       -2028.0969441100915
727                       -2028.2244474597737
728                       -2028.3518840984252
729                       -2028.4800503507126
730                       -2028.6075563261975
731                       -2028.7344020248763
732                       -2028.8605874467555
733                       -2028.986112591839
734                       -2029.110977460124
735                       -2029.2351820516094
736                       -2029.3587263662832
737                       -2029.4816104041702
738                       -2029.6038341652456
739                       -2029.7253976495329
740                       -2029.8463008570116
741                       -2029.966543787696
742                       -2030.086126441581
743                       -2030.205048818657
744                       -2030.323310918936
745                       -2030.440912742421
746                       -2030.557854289102
747                       -2030.67413555898
748                       -2030.7897565520582
749                       -2030.9047172683422
750                       -2031.0190177078177
751                       -2031.1326578704961
752                       -2031.2456377563792
753                       -2031.3579573654565
754                       -2031.4696166977412
755                       -2031.5806157532115
756                       -2031.690954531895
757                       -2031.8006330337757
758                       -2031.9096512588521
759                       -2032.0180092071303
760                       -2032.1257068786085
761                       -2032.2327442732824
762                       -2032.33999560101
763                       -2032.4476036222286
764                       -2032.5546569700853
765                       -2032.6611556445805
766                       -2032.7670996457173
767                       -2032.8724889734951
768                       -2032.9773236279088
769                       -2033.0816036089652
770                       -2033.1853289166615
771                       -2033.2884995509946
772                       -2033.3911155119708
773                       -2033.493176799587
774                       -2033.5946834138385
775                       -2033.6956353547298
776                       -2033.7960326222671
777                       -2033.8958752164413
778                       -2033.9951631372555
779                       -2034.0938963847052
780                       -2034.1920749588005
781                       -2034.2896988595314
782                       -2034.3867680869052
783                       -2034.4832826409088
784                       -2034.5792425215652
785                       -2034.6746477288589
786                       -2034.7694982627893
787                       -2034.8637941233599
788                       -2034.9575353105686
789                       -2035.0507218244188
790                       -2035.143353664909
791                       -2035.235430832042
792                       -2035.3269533258076
793                       -2035.4179211462163
794                       -2035.508334293263
795                       -2035.5981927669527
796                       -2035.6884595934837
797                       -2035.77880960117
798                       -2035.8686935969704
799                       -2035.9581115808776
800                       -2036.047063552884
801                       -2036.135549513006
802                       -2036.2235694612407
803                       -2036.3111233975776
804                       -2036.398211322027
805                       -2036.4848332345878
806                       -2036.570989135255
807                       -2036.6566790240336
808                       -2036.7419029009159
809                       -2036.826660765915
810                       -2036.910952619018
811                       -2036.9947784602323
812                       -2037.0781382895539
813                       -2037.1610321069845
814                       -2037.2434599125224
815                       -2037.3254217061751
816                       -2037.4069174879376
817                       -2037.4879472578018
818                       -2037.568511015779
819                       -2037.6486087618675
820                       -2037.7282404960583
821                       -2037.8074062183655
822                       -2037.886105928777
823                       -2037.964339627296
824                       -2038.0421073139285
825                       -2038.119408988669
826                       -2038.196244651517
827                       -2038.272614302474
828                       -2038.3485179415413
829                       -2038.4239555687154
830                       -2038.499929992709
831                       -2038.5757911053674
832                       -2038.6512606687527
833                       -2038.726338682873
834                       -2038.8010251477153
835                       -2038.8753200632952
836                       -2038.9492234295965
837                       -2039.0227352466359
838                       -2039.095855514401
839                       -2039.1685842329014
840                       -2039.2409214021222
841                       -2039.3128670220763
842                       -2039.3844210927693
843                       -2039.4555836141778
844                       -2039.5263545863272
845                       -2039.5967340092018
846                       -2039.6667218828072
847                       -2039.7363182071442
848                       -2039.8055229822107
849                       -2039.8743362080013
850                       -2039.9427578845286
851                       -2040.0107880117841
852                       -2040.0784265897703
853                       -2040.145673618485
854                       -2040.2125290979309
855                       -2040.2789930281008
856                       -2040.345065409011
857                       -2040.410746240642
858                       -2040.4760355230092
859                       -2040.5409332561003
860                       -2040.6054394399282
861                       -2040.669554074485
862                       -2040.7332771597694
863                       -2040.7966086957797
864                       -2040.8605554106678
865                       -2040.9242517606801
866                       -2040.9876191122635
867                       -2041.0506574654137
868                       -2041.1133668201312
869                       -2041.1757471764186
870                       -2041.2377985342712
871                       -2041.2995208936911
872                       -2041.3609142546763
873                       -2041.4219786172357
874                       -2041.482713981362
875                       -2041.543120347048
876                       -2041.6031977143127
877                       -2041.6629460831398
878                       -2041.7223654535371
879                       -2041.7814558254977
880                       -2041.840217199025
881                       -2041.898649574124
882                       -2041.9567529507942
883                       -2042.0145273290275
884                       -2042.0719727088306
885                       -2042.1290890901973
886                       -2042.1858764731367
887                       -2042.2423348576376
888                       -2042.2984642437082
889                       -2042.3542646313522
890                       -2042.40973602056
891                       -2042.4648784113353
892                       -2042.5196918036795
893                       -2042.574176197591
894                       -2042.6283315930687
895                       -2042.6821579901139
896                       -2042.735655388725
897                       -2042.7888891745683
898                       -2042.8426481968395
899                       -2042.8961307720442
900                       -2042.9493369001907
901                       -2043.0022665812692
902                       -2043.0549198152999
903                       -2043.1072966022589
904                       -2043.159396942164
905                       -2043.2112208350086
906                       -2043.2627682807884
907                       -2043.3140392795128
908                       -2043.3650338311766
909                       -2043.4157519357764
910                       -2043.4661935933154
911                       -2043.5163588037929
912                       -2043.5662475672132
913                       -2043.6158598835723
914                       -2043.6651957528702
915                       -2043.7142551751076
916                       -2043.763038150283
917                       -2043.811544678403
918                       -2043.8597747594538
919                       -2043.9077283934535
920                       -2043.9554055803826
921                       -2044.0028063202583
922                       -2044.0499306130694
923                       -2044.0967784588256
924                       -2044.1433498575168
925                       -2044.1896448091493
926                       -2044.2356633137204
927                       -2044.2814053712295
928                       -2044.3268709816766
929                       -2044.3720601450698
930                       -2044.416972861401
931                       -2044.4617754760998
932                       -2044.506914492627
933                       -2044.5518212159786
934                       -2044.5964956461546
935                       -2044.6409377831565
936                       -2044.6851476269853
937                       -2044.729125177636
938                       -2044.7728704351084
939                       -2044.81638339941
940                       -2044.8596640705316
941                       -2044.9027124484853
942                       -2044.9455285332544
943                       -2044.988112324851
944                       -2045.0304638232737
945                       -2045.0725830285198
946                       -2045.114469940591
947                       -2045.1561245594874
948                       -2045.197546885208
949                       -2045.238736917755
950                       -2045.2796946571268
951                       -2045.3204201033216
952                       -2045.3609132563406
953                       -2045.4011741161826
954                       -2045.4412026828509
955                       -2045.4809989563453
956                       -2045.520562936663
957                       -2045.559894623807
958                       -2045.598994017771
959                       -2045.6378611185635
960                       -2045.6764959261814
961                       -2045.7148984406203
962                       -2045.753068661887
963                       -2045.7910065899746
964                       -2045.8287122248928
965                       -2045.8664197575094
966                       -2045.904321001791
967                       -2045.9420270529
968                       -2045.9795379108448
969                       -2046.0168535756288
970                       -2046.0539740472518
971                       -2046.0908993257074
972                       -2046.1276294109996
973                       -2046.164164303125
974                       -2046.2005040020945
975                       -2046.236648507898
976                       -2046.272597820536
977                       -2046.3083519400082
978                       -2046.3439108663197
979                       -2046.3792745994676
980                       -2046.4144431394457
981                       -2046.4494164862642
982                       -2046.4841946399188
983                       -2046.5187776004125
984                       -2046.5531653677406
985                       -2046.5873579419012
986                       -2046.621355322901
987                       -2046.6551575107376
988                       -2046.688764505408
989                       -2046.7221763069151
990                       -2046.755392915263
991                       -2046.788414330441
992                       -2046.8212405524578
993                       -2046.8538715813138
994                       -2046.8863074170022
995                       -2046.9185480595288
996                       -2046.9505935088903
997                       -2046.9824437650875
998                       -2047.0140988281212
999                       -2047.0458354997327
1000                      -2047.0776595237994
1001                      -2047.1093195286035
1002                      -2047.1408155141373
1003                      -2047.1721474804074
1004                      -2047.2033154274025
1005                      -2047.2343193551405
1006                      -2047.2651592636066
1007                      -2047.295835152808
1008                      -2047.3263470227391
1009                      -2047.3566948734021
1010                      -2047.3868787048089
1011                      -2047.4168985169379
1012                      -2047.4467543098049
1013                      -2047.4764460834006
1014                      -2047.5059738377313
1015                      -2047.535337572795
1016                      -2047.5645372885976
1017                      -2047.5935729851246
1018                      -2047.6224446623874
1019                      -2047.651152320384
1020                      -2047.679695959115
1021                      -2047.708075578579
1022                      -2047.7362911787723
1023                      -2047.7643427597025
1024                      -2047.7922303213631
1025                      -2047.819953863757
1026                      -2047.8475133868867
1027                      -2047.8749088907496
1028                      -2047.9021403753445
1029                      -2047.9292078406718
1030                      -2047.9561112867277
1031                      -2047.9828507135246
1032                      -2048.00942612105
1033                      -2048.0361379107135
1034                      -2048.0628591592445
1035                      -2048.089442583314
1036                      -2048.1158881829115
1037                      -2048.1421959580443
1038                      -2048.168365908709
1039                      -2048.194398034905
1040                      -2048.2202923366367
1041                      -2048.246048813898
1042                      -2048.2716674666904
1043                      -2048.297148295022
1044                      -2048.32249129888
1045                      -2048.34769647827
1046                      -2048.372763833194
1047                      -2048.3976933636504
1048                      -2048.4224850696423
1049                      -2048.447138951162
1050                      -2048.4716550082153
1051                      -2048.4960332408045
1052                      -2048.5202736489186
1053                      -2048.544376232574
1054                      -2048.5683409917597
1055                      -2048.592167926476
1056                      -2048.6158570367234
1057                      -2048.6394083225027
1058                      -2048.662821783816
1059                      -2048.6860974206647
1060                      -2048.7092352330474
1061                      -2048.7322352209553
1062                      -2048.7550973844004
1063                      -2048.7778217233736
1064                      -2048.8004082378843
1065                      -2048.8228569279217
1066                      -2048.845167793498
1067                      -2048.8676507191944
1068                      -2048.890087383854
1069                      -2048.9124082352064
1070                      -2048.93461327326
1071                      -2048.956702498011
1072                      -2048.9786759094623
1073                      -2049.000533507606
1074                      -2049.022275292448
1075                      -2049.0439012639904
1076                      -2049.0654114222293
1077                      -2049.0868057671687
1078                      -2049.108084298802
1079                      -2049.1292470171393
1080                      -2049.1502939221714
1081                      -2049.1712250138953
1082                      -2049.192040292321
1083                      -2049.2127397574486
1084                      -2049.2333234092694
1085                      -2049.2537912477896
1086                      -2049.274143273005
1087                      -2049.2943794849234
1088                      -2049.3144998835364
1089                      -2049.3345044688463
1090                      -2049.354393240853
1091                      -2049.3741661995623
1092                      -2049.3938233449667
1093                      -2049.4133646770692
1094                      -2049.43279019587
1095                      -2049.452099901366
1096                      -2049.4712937935656
1097                      -2049.490371872458
1098                      -2049.509334138048
1099                      -2049.5281805903373
1100                      -2049.5469112293245
1101                      -2049.565835136527
1102                      -2049.584674215841
1103                      -2049.603415977665
1104                      -2049.622060421992
1105                      -2049.6406075488226
1106                      -2049.6590573581534
1107                      -2049.6774098499886
1108                      -2049.695665024325
1109                      -2049.7138228811664
1110                      -2049.7318834205116
1111                      -2049.7498466423567
1112                      -2049.7677125467067
1113                      -2049.785481133561
1114                      -2049.803152402916
1115                      -2049.8207263547743
1116                      -2049.8382029891395
1117                      -2049.8555823060065
1118                      -2049.8728643053737
1119                      -2049.8900489872435
1120                      -2049.9071363516186
1121                      -2049.9241263984954
1122                      -2049.9410191278753
1123                      -2049.9578145397604
1124                      -2049.974512634148
1125                      -2049.9911134110394
1126                      -2050.0076168704304
1127                      -2050.024023012324
1128                      -2050.040331836725
1129                      -2050.05654334363
1130                      -2050.072657533031
1131                      -2050.0886744049403
1132                      -2050.104593959353
1133                      -2050.1204161962632
1134                      -2050.136169575551
1135                      -2050.152069688742
1136                      -2050.167888026358
1137                      -2050.1836245883983
1138                      -2050.1992793748573
1139                      -2050.2148523857527
1140                      -2050.230343621065
1141                      -2050.2457530807997
1142                      -2050.2610807649617
1143                      -2050.276326673544
1144                      -2050.291490806554
1145                      -2050.3065731639904
1146                      -2050.3215737458468
1147                      -2050.336492552133
1148                      -2050.351329582835
1149                      -2050.366084837966
1150                      -2050.3807583175217
1151                      -2050.3953500215016
1152                      -2050.409859949904
1153                      -2050.4242881027335
1154                      -2050.4386344799827
1155                      -2050.4528990816616
1156                      -2050.4670819077614
1157                      -2050.4811829582864
1158                      -2050.495202233231
1159                      -2050.509139732609
1160                      -2050.5229954564056
1161                      -2050.5367694046254
1162                      -2050.5504615772725
1163                      -2050.564071974342
1164                      -2050.577600595837
1165                      -2050.5910474417533
1166                      -2050.6044125120943
1167                      -2050.6176958068654
1168                      -2050.63095425956
1169                      -2050.644304923265
1170                      -2050.6575868712043
1171                      -2050.670800103376
1172                      -2050.6839446197823
1173                      -2050.697020420423
1174                      -2050.710027505297
1175                      -2050.722965874403
1176                      -2050.7358355277447
1177                      -2050.7486364653196
1178                      -2050.7613686871323
1179                      -2050.7740321931756
1180                      -2050.786626983452
1181                      -2050.7991530579575
1182                      -2050.8116104167075
1183                      -2050.8239990596853
1184                      -2050.836318986897
1185                      -2050.848570198343
1186                      -2050.8607526940227
1187                      -2050.8728664739374
1188                      -2050.8849115380863
1189                      -2050.89688788647
1190                      -2050.908795519084
1191                      -2050.920634435935
1192                      -2050.9324046370157
1193                      -2050.944106122331
1194                      -2050.955738891882
1195                      -2050.9673029456653
1196                      -2050.9787982836865
1197                      -2050.9902249059396
1198                      -2051.0015828124233
1199                      -2051.012872003146
1200                      -2051.024092478096
1201                      -2051.0352442372878
1202                      -2051.0464031069864
1203                      -2051.0576130977697
1204                      -2051.068765346897
1205                      -2051.079859854368
1206                      -2051.090896620189
1207                      -2051.10187564435
1208                      -2051.1127969268596
1209                      -2051.1236604677133
1210                      -2051.134466266913
1211                      -2051.1452143244555
1212                      -2051.155904640342
1213                      -2051.166537214574
1214                      -2051.177112047154
1215                      -2051.187629138078
1216                      -2051.198088487347
1217                      -2051.2084900949617
1218                      -2051.2188339609197
1219                      -2051.229120085222
1220                      -2051.239348467872
1221                      -2051.249519108866
1222                      -2051.259632008204
1223                      -2051.2696871658873
1224                      -2051.279684581916
1225                      -2051.2896242562883
1226                      -2051.2995061890074
1227                      -2051.3093303800724
1228                      -2051.31909682948
1229                      -2051.3288055372373
1230                      -2051.338456503332
1231                      -2051.348049727778
1232                      -2051.357585210569
1233                      -2051.3670629517037
1234                      -2051.3764829511815
1235                      -2051.3858452090035
1236                      -2051.3952371590717
1237                      -2051.4046497114814
1238                      -2051.4140137437457
1239                      -2051.423329255864
1240                      -2051.4325962478406
1241                      -2051.4418147196693
1242                      -2051.450984671356
1243                      -2051.460106102897
1244                      -2051.4691790142915
1245                      -2051.4782034055434
1246                      -2051.4871792766535
1247                      -2051.496106627614
1248                      -2051.504985458432
1249                      -2051.513815769107
1250                      -2051.522597559635
1251                      -2051.5313308300174
1252                      -2051.5400155802595
1253                      -2051.5486518103526
1254                      -2051.557239520304
1255                      -2051.5657787101068
1256                      -2051.574269379768
1257                      -2051.582711529286
1258                      -2051.591105158657
1259                      -2051.599450267884
1260                      -2051.607746856968
1261                      -2051.615994925905
1262                      -2051.6241944746967
1263                      -2051.632345503345
1264                      -2051.6404480118504
1265                      -2051.6485020002096
1266                      -2051.6565074684245
1267                      -2051.6644644164944
1268                      -2051.672372844422
1269                      -2051.6802327522014
1270                      -2051.688137709107
1271                      -2051.696041024415
1272                      -2051.7039035683893
1273                      -2051.7117253410233
1274                      -2051.7195063423196
1275                      -2051.727246572281
1276                      -2051.7349460309006
1277                      -2051.742604718188
1278                      -2051.7502226341335
1279                      -2051.7577997787444
1280                      -2051.7653361520156
1281                      -2051.7728317539513
1282                      -2051.780286584548
1283                      -2051.7877006438084
1284                      -2051.7950739317316
1285                      -2051.80240644832
1286                      -2051.8096981935664
1287                      -2051.8169491674767
1288                      -2051.8241593700523
1289                      -2051.8313288012882
1290                      -2051.8384574611864
1291                      -2051.845545349748
1292                      -2051.8525924669716
1293                      -2051.859598812858
1294                      -2051.8665643874083
1295                      -2051.873489190621
1296                      -2051.8803732224933
1297                      -2051.8872164830314
1298                      -2051.8940189722316
1299                      -2051.9007806900936
1300                      -2051.907501636617
1301                      -2051.9141818118082
1302                      -2051.920821215657
1303                      -2051.927419848169
1304                      -2051.934073366526
1305                      -2051.940709436522
1306                      -2051.947311246479
1307                      -2051.9538787964034
1308                      -2051.9604120862864
1309                      -2051.966911116134
1310                      -2051.9733758859434
1311                      -2051.979806395717
1312                      -2051.986202645449
1313                      -2051.992564635149
1314                      -2051.9988923648107
1315                      -2052.005185834432
1316                      -2052.0114450440187
1317                      -2052.017669993564
1318                      -2052.0238606830735
1319                      -2052.0300171125477
1320                      -2052.0361392819814
1321                      -2052.042227191382
1322                      -2052.0482808407423
1323                      -2052.054300230067
1324                      -2052.0602853593523
1325                      -2052.0662362286016
1326                      -2052.0721528378112
1327                      -2052.078035186987
1328                      -2052.083883276122
1329                      -2052.08969710522
1330                      -2052.095476674284
1331                      -2052.101221983308
1332                      -2052.1069330322944
1333                      -2052.1126098212435
1334                      -2052.1182523501557
1335                      -2052.1238606190313
1336                      -2052.1294346278673
1337                      -2052.134974376667
1338                      -2052.1405746766427
1339                      -2052.146146692644
1340                      -2052.1516899200315
1341                      -2052.157204358812
1342                      -2052.1626900089786
1343                      -2052.168146870537
1344                      -2052.1735749434824
1345                      -2052.178974227818
1346                      -2052.1843447235415
1347                      -2052.189686430655
1348                      -2052.194999349157
1349                      -2052.20028347905
1350                      -2052.2055388203285
1351                      -2052.210765373002
1352                      -2052.2159631370587
1353                      -2052.221132112508
1354                      -2052.226272299345
1355                      -2052.231383697569
1356                      -2052.2364663071858
1357                      -2052.2415201281897
1358                      -2052.246545160582
1359                      -2052.2515414043655
1360                      -2052.256508859539
1361                      -2052.2614475261007
1362                      -2052.266357404051
1363                      -2052.2712384933902
1364                      -2052.2760907941174
1365                      -2052.280914306234
1366                      -2052.285709029743
1367                      -2052.2904749646364
1368                      -2052.2952121109233
1369                      -2052.299920468596
1370                      -2052.304600037658
1371                      -2052.3092619411514
1372                      -2052.313964706084
1373                      -2052.3186432800294
1374                      -2052.3232976629897
1375                      -2052.32792785496
1376                      -2052.3325338559475
1377                      -2052.3371156659464
1378                      -2052.3416732849582
1379                      -2052.346206712981
1380                      -2052.35071595002
1381                      -2052.3552009960704
1382                      -2052.3596618511324
1383                      -2052.364098515211
1384                      -2052.3685109883027
1385                      -2052.372899270405
1386                      -2052.3772633615217
1387                      -2052.381603261649
1388                      -2052.3859189707923
1389                      -2052.3902104889476
1390                      -2052.394477816118
1391                      -2052.3987209522984
1392                      -2052.4029398974944
1393                      -2052.4071346517007
1394                      -2052.4113052149205
1395                      -2052.415451587156
1396                      -2052.4195737684013
1397                      -2052.4236717586614
1398                      -2052.4277455579345
1399                      -2052.431795166222
1400                      -2052.4358205835215
1401                      -2052.439821809832
1402                      -2052.4437988451577
1403                      -2052.4477516894967
1404                      -2052.451680342849
1405                      -2052.4556039392305
1406                      -2052.459552654954
1407                      -2052.463481043058
1408                      -2052.4673891035463
1409                      -2052.471276836417
1410                      -2052.4751442416723
1411                      -2052.47899131931
1412                      -2052.4828180693326
1413                      -2052.4866244917357
1414                      -2052.490410586523
1415                      -2052.4941763536954
1416                      -2052.497921793249
1417                      -2052.5016469051866
1418                      -2052.5053516895064
1419                      -2052.5090361462117
1420                      -2052.5127002752993
1421                      -2052.51634407677
1422                      -2052.519967550625
1423                      -2052.5235706968615
1424                      -2052.5271535154825
1425                      -2052.5307160064863
1426                      -2052.5342581698737
1427                      -2052.537780005646
1428                      -2052.5412815137993
1429                      -2052.544762694335
1430                      -2052.548223547258
1431                      -2052.551664072562
1432                      -2052.5550842702482
1433                      -2052.5584841403174
1434                      -2052.5618636827726
1435                      -2052.5652228976105
1436                      -2052.5685617848303
1437                      -2052.571880344432
1438                      -2052.5751785764205
1439                      -2052.578480854242
1440                      -2052.581796424345
1441                      -2052.5850949132096
1442                      -2052.5883763208394
1443                      -2052.5916406472293
1444                      -2052.594887892382
1445                      -2052.598118056295
1446                      -2052.601331138974
1447                      -2052.6045271404137
1448                      -2052.6077060606144
1449                      -2052.610867899576
1450                      -2052.614012657302
1451                      -2052.61714033379
1452                      -2052.6202509290415
1453                      -2052.623344443051
1454                      -2052.6264208758266
1455                      -2052.6294802273633
1456                      -2052.632522497662
1457                      -2052.6355476867207
1458                      -2052.638555794544
1459                      -2052.641546821131
1460                      -2052.6445207664774
1461                      -2052.647477630586
1462                      -2052.650417413459
1463                      -2052.653340115093
1464                      -2052.6562457354876
1465                      -2052.659134274648
1466                      -2052.6620057325686
1467                      -2052.6648601092506
1468                      -2052.6676974046973
1469                      -2052.670517618902
1470                      -2052.673320751871
1471                      -2052.676106803601
1472                      -2052.678875774096
1473                      -2052.6816551742986
1474                      -2052.6844391171057
1475                      -2052.687208706601
1476                      -2052.6899639427775
1477                      -2052.692704825642
1478                      -2052.69543135519
1479                      -2052.6981435314233
1480                      -2052.7008413543426
1481                      -2052.7035248239467
1482                      -2052.7061939402374
1483                      -2052.7088487032097
1484                      -2052.711489112867
1485                      -2052.7141151692117
1486                      -2052.7167268722405
1487                      -2052.7193242219564
1488                      -2052.7219072183548
1489                      -2052.7244758614397
1490                      -2052.7270301512094
1491                      -2052.729570087663
1492                      -2052.732095670802
1493                      -2052.734606900627
1494                      -2052.7371037771363
1495                      -2052.7395863003308
1496                      -2052.7420544702095
1497                      -2052.7445082867757
1498                      -2052.746947750025
1499                      -2052.7493728599607
1500                      -2052.7517836165807
1501                      -2052.754180019882
1502                      -2052.7565620698724
1503                      -2052.7589297665486
1504                      -2052.7612831099095
1505                      -2052.7636220999525
1506                      -2052.765946736683
1507                      -2052.7682860948225
1508                      -2052.7706236515046
1509                      -2052.7729491471414
1510                      -2052.7752625817284
1511                      -2052.777563955265
1512                      -2052.779853267753
1513                      -2052.782130519191
1514                      -2052.784395709581
1515                      -2052.78664883892
1516                      -2052.788889907213
1517                      -2052.7911189144543
1518                      -2052.793335860646
1519                      -2052.795540745789
1520                      -2052.7977335698833
1521                      -2052.7999143329293
1522                      -2052.802083034924
1523                      -2052.8042396758724
1524                      -2052.8063842557685
1525                      -2052.8085167746162
1526                      -2052.8106372324146
1527                      -2052.8127456291645
1528                      -2052.814841964864
1529                      -2052.8169262395154
1530                      -2052.8189984531173
1531                      -2052.82105860567
1532                      -2052.8231066971744
1533                      -2052.8251427276273
1534                      -2052.8271666970327
1535                      -2052.829178605388
1536                      -2052.831178452695
1537                      -2052.833166238953
1538                      -2052.8351419641604
1539                      -2052.8371056283186
1540                      -2052.839057231429
1541                      -2052.841043891346
1542                      -2052.8430277348566
1543                      -2052.845002595997
1544                      -2052.846968474766
1545                      -2052.848925371164
1546                      -2052.8508732851924
1547                      -2052.8528122168523
1548                      -2052.8547421661397
1549                      -2052.8566631330573
1550                      -2052.858575117605
1551                      -2052.860478119781
1552                      -2052.862372139587
1553                      -2052.8642571770233
1554                      -2052.866133232087
1555                      -2052.8680003047834
1556                      -2052.86985839511
1557                      -2052.8717075030636
1558                      -2052.873547628648
1559                      -2052.875378771862
1560                      -2052.8772009327054
1561                      -2052.879014111177
1562                      -2052.8808183072815
1563                      -2052.8826135210134
1564                      -2052.8843997523754
1565                      -2052.8861770013673
1566                      -2052.887945267987
1567                      -2052.8897045522394
1568                      -2052.8914548541193
1569                      -2052.89319617363
1570                      -2052.894928510769
1571                      -2052.8966518655398
1572                      -2052.8983662379383
1573                      -2052.9000716279656
1574                      -2052.901768035625
1575                      -2052.9034554609125
1576                      -2052.9051339038315
1577                      -2052.906803364378
1578                      -2052.9084638425547
1579                      -2052.9101153383613
1580                      -2052.9117578517967
1581                      -2052.9133913828623
1582                      -2052.9150159315577
1583                      -2052.916631497884
1584                      -2052.918238081839
1585                      -2052.9198356834218
1586                      -2052.9214243026354
1587                      -2052.9230039394797
1588                      -2052.924574593954
1589                      -2052.9261362660573
1590                      -2052.9276889557887
1591                      -2052.9292326631503
1592                      -2052.930767388143
1593                      -2052.9322931307634
1594                      -2052.9338098910143
1595                      -2052.935317668896
1596                      -2052.936816464407
1597                      -2052.938306277546
1598                      -2052.9397871083156
1599                      -2052.941258956716
1600                      -2052.942721822743
1601                      -2052.944175706401
1602                      -2052.94562060769
1603                      -2052.947056526608
1604                      -2052.9484834631553
1605                      -2052.9499014173316
1606                      -2052.951310389139
1607                      -2052.952710378575
1608                      -2052.9541021561913
1609                      -2052.9554886140886
1610                      -2052.956866218006
1611                      -2052.9582349679445
1612                      -2052.959594863903
1613                      -2052.9609459058806
1614                      -2052.9622880938787
1615                      -2052.9636214278967
1616                      -2052.964945907936
1617                      -2052.9662615339935
1618                      -2052.9675683060736
1619                      -2052.968866224172
1620                      -2052.9701552882916
1621                      -2052.9714354984303
1622                      -2052.9727068545903
1623                      -2052.9739699797697
1624                      -2052.975240677386
1625                      -2052.9765046238285
1626                      -2052.977761819096
1627                      -2052.979012263192
1628                      -2052.9802559561135
1629                      -2052.9814928978612
1630                      -2052.9827230884343
1631                      -2052.9839465278346
1632                      -2052.985163216062
1633                      -2052.986373153115
1634                      -2052.987576338996
1635                      -2052.988772773702
1636                      -2052.9899624572345
1637                      -2052.9911453895934
1638                      -2052.992321570779
1639                      -2052.9934910007914
1640                      -2052.99465367963
1641                      -2052.9958096072937
1642                      -2052.996958783784
1643                      -2052.9981032861315
1644                      -2052.999243217125
1645                      -2053.000376791753
1646                      -2053.001504010015
1647                      -2053.002624871915
1648                      -2053.003739377448
1649                      -2053.0048475266167
1650                      -2053.00594931942
1651                      -2053.00704475586
1652                      -2053.0081338359337
1653                      -2053.0092176895846
1654                      -2053.01029763864
1655                      -2053.011371834252
1656                      -2053.012440276421
1657                      -2053.013502965145
1658                      -2053.014559900427
1659                      -2053.015611082265
1660                      -2053.01665651066