1                         1.647515699304688
2                         59.668094952282566
3                         81.45557584004288
4                         97.37181198336772
5                         110.16960851831983
6                         121.02586092041818
7                         130.36875549022037
8                         138.632029378647
9                         146.04705352194458
10                        152.83245413890336
11                        159.08334845143048
12                        164.82740647209087
13                        170.16806742036144
14                        175.06047460450793
15                        179.78796227418277
16                        184.23296251477655
17                        188.39547532627654
18                        192.27550070869228
19                        195.93197834801924
20                        199.46027147103112
21                        202.77269215964512
22                        205.86924041386123
23                        208.74991623367507
24                        211.53834568700057
25                        214.23662145960438
26                        216.79027791135766
27                        219.19931504226608
28                        221.4637328523227
29                        223.69793614138936
30                        225.83558215060694
31                        227.87138886066444
32                        229.80535627156505
33                        231.65332577593549
34                        233.46448852952787
35                        235.19993380180503
36                        236.85966159275495
37                        238.4436719023878
38                        239.9876871054529
39                        241.50533243566812
40                        242.97232263519348
41                        244.38865770403277
42                        245.75433764217834
43                        247.06936244963785
44                        248.33373212640686
45                        249.54744667248977
46                        250.71050608788087
47                        251.82980748636228
48                        252.9466707463796
49                        254.02319641296836
50                        255.05938448611775
51                        256.0552349658411
52                        257.0107478521277
53                        257.9259231449844
54                        258.8007608444062
55                        259.6352609503944
56                        260.429423462954
57                        261.2284455226998
58                        262.0137913259381
59                        262.7709001906678
60                        263.4997721168776
61                        264.2004071045662
62                        264.87280515373993
63                        265.5169662643975
64                        266.1328904365345
65                        266.7205776701567
66                        267.2935109693669
67                        267.8707160427375
68                        268.42799342698817
69                        268.9653431221169
70                        269.48276512812436
71                        269.9802594450168
72                        270.45782607278676
73                        270.91546501143796
74                        271.3531762609723
75                        271.770959821386
76                        272.19601485260097
77                        272.608654939201
78                        273.0070284775274
79                        273.39113546756306
80                        273.760975909327
81                        274.11654980280974
82                        274.4578571480182
83                        274.78489794494544
84                        275.0976721935896
85                        275.4113771225045
86                        275.7289190056609
87                        276.03800779617893
88                        276.33864349407065
89                        276.63082609933036
90                        276.91455561195613
91                        277.1898320319557
92                        277.45665535932505
93                        277.7150255940574
94                        277.9649427361666
95                        278.2064067856419
96                        278.4394177424871
97                        278.663975606699
98                        278.88008037828524
99                        279.0877320572344
100                       279.2869306435592
101                       279.4776761372513
102                       279.6599685383121
103                       279.83380784674085
104                       280.01592157837297
105                       280.1981428679586
106                       280.3742915473874
107                       280.54436761666045
108                       280.7083710757722
109                       280.8663019247271
110                       281.0181601635213
111                       281.1639457921611
112                       281.3036588106358
113                       281.43729921895607
114                       281.5648670171208
115                       281.6863622051241
116                       281.80178478296676
117                       281.9111347506563
118                       282.0144121081839
119                       282.11161685555646
120                       282.20274899276393
121                       282.2878085198157
122                       282.3667954367113
123                       282.463363271883
124                       282.5586272975653
125                       282.6504464345462
126                       282.73882068282006
127                       282.82375004239503
128                       282.9052345132579
129                       282.98327409542446
130                       283.05786878888205
131                       283.1290185936395
132                       283.19672350968983
133                       283.26098353703634
134                       283.32179867567953
135                       283.3791689256169
136                       283.4330942868516
137                       283.4835747593799
138                       283.5306103432081
139                       283.574201038333
140                       283.6143468447514
141                       283.6526549678044
142                       283.7019358193461
143                       283.7493727349171
144                       283.79496571451335
145                       283.8387147581319
146                       283.88061986577327
147                       283.92068103744947
148                       283.95889827314477
149                       283.9952715728654
150                       284.029800936614
151                       284.062486364386
152                       284.0933278561872
153                       284.12232541201
154                       284.14947903186135
155                       284.17478871573553
156                       284.19825446363694
157                       284.2198762755619
158                       284.23965415151724
159                       284.2575880914961
160                       284.27626528533455
161                       284.2997410682304
162                       284.3222775437173
163                       284.3438747117819
164                       284.36453257243693
165                       284.3842511256754
166                       284.40303037150045
167                       284.42087030990825
168                       284.43777094089955
169                       284.4537322644793
170                       284.4687542806431
171                       284.48283698939167
172                       284.4959803907198
173                       284.5081844846415
174                       284.51944927114226
175                       284.5297747502327
176                       284.53916092190474
177                       284.54760778616145
178                       284.55511534300535
179                       284.5639773967979
180                       284.574623115721
181                       284.5848120961075
182                       284.5945443379448
183                       284.60381984124166
184                       284.612638605995
185                       284.6210006322105
186                       284.6289059198755
187                       284.63635446899883
188                       284.64334627958686
189                       284.64988135162565
190                       284.6559596851221
191                       284.66158128007766
192                       284.6667461364915
193                       284.6714542543605
194                       284.6757056336892
195                       284.6795002744705
196                       284.6828381767127
197                       284.6857193404158
198                       284.68978105362885
199                       284.69434262084457
200                       284.69869240493534
201                       284.702830405898
202                       284.706756623723
203                       284.71047105842746
204                       284.7139737099987
205                       284.71726457844056
206                       284.72034366375937
207                       284.7232109659398
208                       284.7258664849998
209                       284.72831022092527
210                       284.7305421737264
211                       284.73256234339624
212                       284.73437072993414
213                       284.73596733334705
214                       284.7373521536268
215                       284.7385251907821
216                       284.7394864448068
217                       284.7412624460749
218                       284.74307942092696
219                       284.7448032584121
220                       284.746433958538
221                       284.7479715212913
222                       284.74941594668144
223                       284.7507672347041
224                       284.75202538536496
225                       284.75319039865633
226                       284.7542622745821
227                       284.75524101313846
228                       284.7561266143381
229                       284.7569190781651
230                       284.7576184046214
231                       284.7582245937235
232                       284.758737645453
233                       284.7591575598175
234                       284.75948433681765
235                       284.75975531988524
236                       284.7604422000823
237                       284.7610907142271
238                       284.76170086232423
239                       284.76227264436596
240                       284.76280606035874
241                       284.7633011102961
242                       284.76375779418004
243                       284.76417611201623
244                       284.76455606380085
245                       284.7648976495282
246                       284.76520086920146
247                       284.76546572282956
248                       284.76569221040415
249                       284.76588033192473
250                       284.76603008739244
251                       284.7661414768099
252                       284.7662145001732
253                       284.7662491574882
254                       284.7663061021864
255                       284.76650768750426
256                       284.76669486822726
257                       284.76686764435163
258                       284.7670260158843
259                       284.76716998281324
260                       284.7672995451549
261                       284.767414702896
262                       284.7675154560423
263                       284.76760180458984
264                       284.7676737485369
265                       284.7677312878928
266                       284.76777442265643
267                       284.767803152815
268                       284.76781747838385
269                       284.76781739935404
270                       284.7678029157255
271                       284.76777402750275
272                       284.7677307346852
273                       284.76771635308876
274                       284.7677458422082
275                       284.76777073088556
276                       284.76779101911313
277                       284.7678067069087
278                       284.76781779425704
279                       284.767824281162
280                       284.76782616762483
281                       284.7678234536481
282                       284.7678161392266
283                       284.76780422436684
284                       284.76778770905986
285                       284.76776659331074
286                       284.76774087712454
287                       284.76771056049114
288                       284.76767564341685
289                       284.76763612590173
290                       284.7675920079445
291                       284.7675432895412
292                       284.7675130810152
293                       284.7674936236606
294                       284.76747320972737
295                       284.76745183921173
296                       284.76742951212515
297                       284.76740622845233
298                       284.76738198819965
299                       284.7673567913709
300                       284.7673306379598
301                       284.76730352797387
302                       284.7672754614055
303                       284.7672464382611
304                       284.76721645853183
305                       284.7671855222277
306                       284.7671536293386
307                       284.7671207798748
308                       284.7670869738298
309                       284.76705221121
310                       284.7670164920066
311                       284.7669892878404
312                       284.7669639156849
313                       284.76693872759313
314                       284.76691372356254
315                       284.7668889036046
316                       284.7668642677052
317                       284.766839815876
318                       284.7668155481181
319                       284.76679146441876
320                       284.766767564787
321                       284.76674384922535
322                       284.7667203177236
323                       284.7666969702957
324                       284.766673806929
325                       284.7666508276286
326                       284.7666280323982
327                       284.7666054212278
328                       284.7665829941261
329                       284.76656083048863
330                       284.7665409588815
331                       284.76652149136356
332                       284.76650242792346
333                       284.76648376857884
334                       284.766465513307
335                       284.76644766212945
336                       284.7664302150335
337                       284.7664131720318
338                       284.76639653310156
339                       284.7663802982643
340                       284.7663644675138
341                       284.7663490408411
342                       284.7663340182613
343                       284.7663193997645
344                       284.76630518535046
345                       284.7662913750257
346                       284.76627796878375
347                       284.76626496663107
348                       284.7662522318522
349                       284.7662394091606
350                       284.7662269285328
351                       284.7662147899497
352                       284.7662029934139
353                       284.76619153894694
354                       284.7661804265158
355                       284.76616965614716
356                       284.7661592278283
357                       284.7661491415644
358                       284.7661393973452
359                       284.7661299951796
360                       284.76612093506765
361                       284.7661122170055
362                       284.7661038409995
363                       284.7660958070484
364                       284.7660881151369
365                       284.7660807652892
366                       284.7660737574938
367                       284.7660666352462
368                       284.7660591571181
369                       284.76605190926756
370                       284.7660448916934
371                       284.76603810439053
372                       284.76603154737165
373                       284.766025220624
374                       284.7660191241514
375                       284.76601325795775
376                       284.7660076220417
377                       284.76600221640194
378                       284.76599704103734
379                       284.7659920959528
380                       284.76598738113455
381                       284.7659828966015
382                       284.76597864234606
383                       284.7659746183619
384                       284.7659708246528
385                       284.7659672612251
386                       284.76596315113653
387                       284.76595868622326
388                       284.7659543221372
389                       284.7659500588758
390                       284.7659458964339
391                       284.7659418348129
392                       284.76593787401026
393                       284.7659340140335
394                       284.76593025488523
395                       284.7659265965502
396                       284.76592303904107
397                       284.76591958235406
398                       284.7659162264879
399                       284.76591297144137
400                       284.76590981722325
401                       284.76590676382983
402                       284.76590381124964
403                       284.76590095948774
404                       284.7658982085594
405                       284.765895558443
406                       284.76589300916146
407                       284.7658905606931
408                       284.76588821304694
409                       284.7658859662241
410                       284.76588382022464
411                       284.7658817750448
412                       284.76587983068964
413                       284.76587798715656
414                       284.765876244438
415                       284.7658746025517
416                       284.7658730614812
417                       284.7658716212404
418                       284.7658702818167
419                       284.7658690432138
420                       284.7658679054305
421                       284.7658668684757
422                       284.7658659323379
423                       284.7658650936391
424                       284.7658635620378
425                       284.76586208997594
426                       284.76586067746626
427                       284.76585932449996
428                       284.7658580310782
429                       284.7658567972023
430                       284.76585562286965
431                       284.7658545080842
432                       284.76585345284707
433                       284.76585245714443
434                       284.7658515209914
435                       284.76585064438297
436                       284.76584982732675
437                       284.7658490698075
438                       284.76584837183526
439                       284.76584773340517
440                       284.7658471545298
441                       284.765846635185
442                       284.76584617539754
443                       284.7658457751508
444                       284.7658454344448
445                       284.7658451532847
446                       284.76584493167303
447                       284.76584476960966
448                       284.7658446670846
449                       284.7658446241066
450                       284.76584464067196
451                       284.7658447167844
452                       284.76584485243507
453                       284.76584504763537
454                       284.7658453023879
455                       284.7658456166749
456                       284.7658459905153
457                       284.76584631629544
458                       284.7658460780816
459                       284.76584585780864
460                       284.76584565549314
461                       284.76584547112355
462                       284.7658453047102
463                       284.7658451562516
464                       284.76584502573525
465                       284.76584491316993
466                       284.76584481856077
467                       284.76584474190395
468                       284.7658446831956
469                       284.7658446424396
470                       284.7658446196296
471                       284.7658446147808
472                       284.76584462787673
473                       284.76584465892375
474                       284.76584470792557
475                       284.7658447748709
476                       284.7658448597723
477                       284.76584496262734
478                       284.76584508343217
479                       284.7658452221817
480                       284.76584537888743
481                       284.7658455535441
482                       284.7658457461558
483                       284.7658459567121
484                       284.76584618522327
485                       284.7658464316868
486                       284.7658466961001
487                       284.7658469784683
488                       284.76584727877736
489                       284.76584759704383
490                       284.76584793326776
491                       284.7658482099928
492                       284.7658483141092
493                       284.7658484210554
494                       284.76584853083654
495                       284.765848643445
496                       284.7658487588909
497                       284.7658488771616
498                       284.7658489982621
499                       284.76584912220636
500                       284.7658492489742
501                       284.76584937857683
502                       284.76584951101194
503                       284.7658496462768
504                       284.7658497843754
505                       284.76584992530377
506                       284.7658500690645
507                       284.7658502156615
508                       284.76585036508317
509                       284.7658505173398
510                       284.7658506724212
511                       284.76585083034763
512                       284.7658509911001
513                       284.7658511546824
514                       284.7658513211072
515                       284.76585149035174
516                       284.7658516624337
517                       284.76585183734556
518                       284.7658520150859
519                       284.7658521956663
520                       284.76585237907267
521                       284.7658525653102
522                       284.76585275438254
523                       284.7658529462823
524                       284.765853141022
525                       284.7658533069392
526                       284.7658534336727
527                       284.7658535591182
528                       284.7658536832706
529                       284.7658538061325
530                       284.76585392770886
531                       284.76585404799084
532                       284.76585416698487
533                       284.7658542846934
534                       284.76585440110114
535                       284.76585451623106
536                       284.76585463006666
537                       284.7658547426116
538                       284.76585485387113
539                       284.7658549638401
540                       284.7658550725198
541                       284.7658551799013
542                       284.7658552860024
543                       284.7658553908155
544                       284.7658554943329
545                       284.7658555965598
546                       284.76585569750375
547                       284.7658557971508
548                       284.7658558955187
549                       284.7658559925922
550                       284.7658560883676
551                       284.7658561828613
552                       284.7658562760632
553                       284.76585636797955
554                       284.76585645859905
555                       284.765856547933
556                       284.76585663597774
557                       284.76585672273313
558                       284.7658568082018
559                       284.765856889644
560                       284.7658569677424
561                       284.76585704428885
562                       284.76585711927316
563                       284.765857192703
564                       284.76585726457705
565                       284.76585733489276
566                       284.76585740366033
567                       284.7658574708683
568                       284.76585753652813
569                       284.76585760062073
570                       284.76585766316646
571                       284.76585772416024
572                       284.76585778358174
573                       284.76585784146135
574                       284.7658578977802
575                       284.76585795254704
576                       284.7658580057594
577                       284.7658580574198
578                       284.76585810751294
579                       284.7658581560605
580                       284.7658582030485
581                       284.7658582484845
582                       284.7658582923635
583                       284.76585833468914
584                       284.7658583754642
585                       284.7658584146657
586                       284.7658584523241
587                       284.7658584884267
588                       284.7658585229697
589                       284.7658585559646
590                       284.76585858740117
591                       284.76585861728194
592                       284.76585864560315
593                       284.76585868002945
594                       284.7658587160648
595                       284.76585875113193
596                       284.76585878524736
597                       284.7658588184034
598                       284.7658588505937
599                       284.7658588818209
600                       284.7658589121052
601                       284.7658589414074
602                       284.7658589697641
603                       284.76585899715514
604                       284.76585902358556
605                       284.7658590490604
606                       284.7658590735709
607                       284.76585909712577
608                       284.76585911972256
609                       284.76585914135114
610                       284.7658591620242
611                       284.7658591817328
612                       284.7658592004897
613                       284.7658592182821
614                       284.76585923511897
615                       284.76585925099147
616                       284.7658592658995
617                       284.76585927985326
618                       284.76585929284636
619                       284.76585930488017
620                       284.76585931595207
621                       284.76585932607094
622                       284.76585933522284
623                       284.76585934341415
624                       284.76585935064736
625                       284.76585935692
626                       284.76585936223574
627                       284.7658593745614
628                       284.7658593873959
629                       284.7658593997837
630                       284.7658594117262
631                       284.76585942321935
632                       284.76585943427347
633                       284.765859444886
634                       284.7658594550506
635                       284.7658594647672
636                       284.76585947404476
637                       284.765859482868
638                       284.76585949126235
639                       284.76585949920235
640                       284.76585950669573
641                       284.7658595137462
642                       284.7658595203551
643                       284.76585952651345
644                       284.76585953223275
645                       284.76585953749907
646                       284.7658595423276
647                       284.7658595467195
648                       284.7658595506546
649                       284.76585955415067
650                       284.76585955720003
651                       284.7658595598002
652                       284.7658595619676
653                       284.7658595636795
654                       284.76585956495353
655                       284.76585956577713
656                       284.7658595661616
657                       284.7658595660931
658                       284.76585956558046
659                       284.76585956463
660                       284.7658595634219
661                       284.7658595665601
662                       284.7658595695447
663                       284.76585957237205
664                       284.76585957502675
665                       284.76585957752917
666                       284.76585957987936
667                       284.765859582062
668                       284.76585958408606
669                       284.76585958595524
670                       284.7658595876582
671                       284.7658595892026
672                       284.76585959059594
673                       284.7658595918294
674                       284.76585959289025
675                       284.7658595938039
676                       284.7658595945539
677                       284.7658595951414
678                       284.76585959557286
679                       284.76585959584696
680                       284.76585959595485
681                       284.76585959591046
682                       284.7658595957074
683                       284.7658595953419
684                       284.76585959481656
685                       284.76585959413006
686                       284.7658595932912
687                       284.7658595922849
688                       284.76585959112384
689                       284.7658595898066
690                       284.76585958831686
691                       284.7658595866862
692                       284.76585958488045
693                       284.76585958291986
694                       284.76585958119654
695                       284.7658595810608
696                       284.7658595808996
697                       284.76585958069023
698                       284.76585958044024
699                       284.7658595801611
700                       284.76585957983366
701                       284.76585957948595
702                       284.7658595790913
703                       284.76585957865734
704                       284.76585957818526
705                       284.76585957768276
706                       284.7658595771396
707                       284.7658595765546
708                       284.7658595759379
709                       284.7658595752818
710                       284.7658595745839
711                       284.7658595738542
712                       284.76585957308777
713                       284.76585957227815
714                       284.7658595714355
715                       284.76585957054726
716                       284.765859569631
717                       284.76585956867297
718                       284.7658595676768
719                       284.76585956664
720                       284.76585956557915
721                       284.7658595644612
722                       284.76585956332417
723                       284.76585956214274
724                       284.7658595609233
725                       284.76585955965936
726                       284.76585955836754
727                       284.76585955703763
728                       284.7658595558879
729                       284.76585955517857
730                       284.7658595544717
731                       284.76585955376873
732                       284.76585955306314
733                       284.7658595523614
734                       284.76585955166473
735                       284.76585955096175
736                       284.7658595502651
737                       284.7658595495722
738                       284.7658595488806
739                       284.7658595481864
740                       284.76585954750374
741                       284.76585954681724
742                       284.7658595461269
743                       284.76585954544294
744                       284.765859544764
745                       284.7658595440838
746                       284.7658595434036
747                       284.7658595427311
748                       284.765859542056
749                       284.7658595413834
750                       284.76585954071214
751                       284.76585954004594
752                       284.76585953937206
753                       284.7658595387122
754                       284.765859538046
755                       284.76585953738356
756                       284.7658595367224
757                       284.76585953606514
758                       284.765859535404
759                       284.76585953475046
760                       284.7658595340956
761                       284.7658595334472
762                       284.76585953285587
763                       284.76585953232797
764                       284.7658595318115
765                       284.7658595313026
766                       284.7658595308077
767                       284.7658595303204
768                       284.76585952984203
769                       284.7658595293712
770                       284.7658595289055
771                       284.76585952845375
772                       284.7658595280083
773                       284.76585952757307
774                       284.76585952714544
775                       284.7658595267203
776                       284.7658595263117
777                       284.7658595259069
778                       284.76585952551096
779                       284.765859525129
780                       284.7658595247521
781                       284.76585952438666
782                       284.7658595240301
783                       284.76585952367725
784                       284.76585952333846
785                       284.76585952300474
786                       284.7658595226837
787                       284.76585952236513
788                       284.7658595220644
789                       284.7658595217611
790                       284.7658595214718
791                       284.76585952119643
792                       284.76585952091597
793                       284.76585952065835
794                       284.76585952040205
795                       284.7658595201571
796                       284.76585951990205
797                       284.76585951962795
798                       284.7658595193691
799                       284.7658595191115
800                       284.76585951885767
801                       284.76585951861784
802                       284.7658595183805
803                       284.76585951814957
804                       284.7658595179237
805                       284.76585951770926
806                       284.76585951749985
807                       284.7658595172854
808                       284.76585951709376
809                       284.76585951689583
810                       284.76585951671944
811                       284.76585951653544
812                       284.7658595163641
813                       284.7658595161966
814                       284.7658595160405
815                       284.7658595158844
816                       284.7658595157347
817                       284.76585951559383
818                       284.76585951545934
819                       284.7658595153388
820                       284.76585951521315
821                       284.76585951509765
822                       284.76585951499106
823                       284.76585951488954
824                       284.7658595147982
825                       284.76585951470304
826                       284.76585951462437
827                       284.76585951455456
828                       284.76585951447714
829                       284.76585951441496
830                       284.7658595143147
831                       284.7658595142018
832                       284.7658595141041
833                       284.7658595140038
834                       284.76585951390103
835                       284.7658595138122
836                       284.76585951372084
837                       284.7658595136244
838                       284.76585951354826
839                       284.765859513462
840                       284.7658595133934
841                       284.765859513316
842                       284.76585951324876
843                       284.7658595131739
844                       284.7658595131117
845                       284.7658595130546
846                       284.76585951299245
847                       284.76585951294294
848                       284.7658595128871
849                       284.7658595128376
850                       284.7658595127983
851                       284.7658595127564
852                       284.7658595127196
853                       284.76585951267896
854                       284.7658595126498
855                       284.7658595126333
856                       284.7658595126041
857                       284.76585951257874
858                       284.7658595125559
859                       284.76585951254447
860                       284.76585951253435
861                       284.765859512528
862                       284.7658595125178
863                       284.76585951252036
864                       284.7658595124836
865                       284.76585951245437
866                       284.76585951242646
867                       284.76585951239855
868                       284.76585951237064
869                       284.765859512344
870                       284.7658595123224
871                       284.7658595122958
872                       284.765859512278
873                       284.76585951225644
874                       284.7658595122412
875                       284.7658595122196
876                       284.7658595122057
877                       284.7658595121879
878                       284.7658595121739
879                       284.76585951216
880                       284.7658595121511
881                       284.76585951214093
882                       284.7658595121359
883                       284.7658595121295
884                       284.7658595121194
885                       284.765859512113
886                       284.7658595121092
887                       284.76585951210797
888                       284.76585951210416
889                       284.76585951211047
890                       284.76585951211047
891                       284.76585951211047
892                       284.7658595121194
893                       284.76585951212826
894                       284.76585951213076
895                       284.7658595121435
896                       284.76585951214855
897                       284.76585951216254
898                       284.7658595121549
899                       284.7658595121587
900                       284.7658595121498
901                       284.76585951214474
902                       284.7658595121549
903                       284.7658595121473
904                       284.7658595121435
905                       284.76585951214474
906                       284.7658595121435
907                       284.7658595121371
908                       284.7658595121397
909                       284.7658595121473
910                       284.7658595121384
911                       284.76585951214855
912                       284.765859512146
913                       284.7658595121549
914                       284.7658595121498
915                       284.7658595121536
916                       284.7658595121587
917                       284.7658595121612
918                       284.76585951216504
919                       284.76585951216884
920                       284.7658595121739
921                       284.76585951218027
922                       284.76585951218027
923                       284.76585951218914
924                       284.76585951219676
925                       284.76585951220056
926                       284.7658595122095
927                       284.76585951222086
928                       284.765859512226
929                       284.7658595122323
930                       284.76585951224246
931                       284.76585951224627
932                       284.7658595122475
933                       284.76585951225513
934                       284.76585951225644
935                       284.7658595122615
936                       284.7658595122678
937                       284.7658595122716
938                       284.7658595122742
939                       284.7658595122742
940                       284.7658595122818
941                       284.7658595122894
942                       284.7658595122856
943                       284.7658595122932
944                       284.7658595122894
945                       284.765859512297
946                       284.7658595123059
947                       284.7658595123059
948                       284.7658595123135
949                       284.7658595123173
950                       284.76585951232113
951                       284.7658595123262
952                       284.76585951233636
953                       284.76585951233
954                       284.76585951234017
955                       284.7658595123376
956                       284.765859512344
957                       284.76585951235285
958                       284.76585951234904
959                       284.7658595123579
960                       284.76585951237064
961                       284.76585951236933
962                       284.76585951237064
963                       284.76585951237695
964                       284.7658595123833
965                       284.76585951238457
966                       284.76585951239474
967                       284.7658595123922
968                       284.76585951239855
969                       284.76585951240236
970                       284.76585951240236
971                       284.76585951241503
972                       284.76585951240867
973                       284.7658595124112
974                       284.7658595124125
975                       284.76585951242265
976                       284.7658595124214
977                       284.7658595124277
978                       284.76585951242646
979                       284.765859512429
980                       284.7658595124341
981                       284.76585951243914
982                       284.76585951242646
983                       284.76585951244044
984                       284.76585951244044
985                       284.7658595124493
986                       284.7658595124518
987                       284.7658595124493
988                       284.7658595124531
989                       284.76585951245437
990                       284.76585951245437
991                       284.7658595124531
992                       284.76585951246705
993                       284.765859512462
994                       284.7658595124658
995                       284.765859512462
996                       284.76585951247466
997                       284.7658595124734
998                       284.76585951247085
999                       284.7658595124823
1000                      284.7658595124823
1001                      284.7658595124798
1002                      284.76585951247847
1003                      284.7658595124836
1004                      284.76585951248484
1005                      284.7658595124899
1006                      284.76585951248865
1007                      284.76585951249245
1008                      284.76585951248865
1009                      284.7658595124899
1010                      284.7658595125039
1011                      284.76585951248865
1012                      284.7658595124937
1013                      284.7658595124937
1014                      284.7658595124975
1015                      284.76585951249876
1016                      284.76585951250513
1017                      284.76585951250513
1018                      284.7658595125064
1019                      284.7658595125064
1020                      284.7658595125039
1021                      284.7658595125026
1022                      284.76585951250894
1023                      284.7658595125102
1024                      284.765859512514
1025                      284.7658595125115
1026                      284.765859512514
1027                      284.765859512514
1028                      284.7658595125153
1029                      284.7658595125153
1030                      284.7658595125216
1031                      284.7658595125229
1032                      284.7658595125191
1033                      284.7658595125216
1034                      284.76585951252036
1035                      284.76585951252036
1036                      284.7658595125229
1037                      284.7658595125318
1038                      284.7658595125229
1039                      284.7658595125242
1040                      284.76585951252673
1041                      284.76585951252923
1042                      284.765859512528
1043                      284.76585951252923
1044                      284.765859512528
1045                      284.7658595125216
1046                      284.76585951253304
1047                      284.76585951253304
1048                      284.76585951253435
1049                      284.7658595125318
1050                      284.7658595125242
1051                      284.76585951253685
1052                      284.765859512528
1053                      284.76585951253304
1054                      284.76585951253054
1055                      284.7658595125356
1056                      284.76585951253304
1057                      284.7658595125318
1058                      284.76585951253304
1059                      284.76585951253304
1060                      284.76585951253435
1061                      284.7658595125394
1062                      284.7658595125356
1063                      284.76585951253685
1064                      284.7658595125318
1065                      284.765859512528
1066                      284.7658595125394
1067                      284.76585951253435
1068                      284.76585951253054
1069                      284.76585951253685
1070                      284.76585951253685
1071                      284.76585951254066
1072                      284.7658595125394
1073                      284.7658595125318
1074                      284.7658595125394
1075                      284.7658595125356
1076                      284.76585951254447
1077                      284.76585951253685
1078                      284.7658595125356
1079                      284.76585951253435
1080                      284.76585951253685
1081                      284.7658595125356
1082                      284.7658595125419
1083                      284.76585951254447
1084                      284.7658595125356
1085                      284.76585951253685
1086                      284.76585951254447
1087                      284.76585951253685
1088                      284.7658595125394
1089                      284.76585951253435
1090                      284.765859512547
1091                      284.7658595125432
1092                      284.7658595125457
1093                      284.76585951253816
1094                      284.76585951253435
1095                      284.76585951253685
1096                      284.7658595125356
1097                      284.76585951253816
1098                      284.7658595125457
1099                      284.76585951254066
1100                      284.7658595125432
1101                      284.7658595125394
1102                      284.76585951253685
1103                      284.7658595125356
1104                      284.7658595125356
1105                      284.76585951254066
1106                      284.7658595125457
1107                      284.76585951253435
1108                      284.7658595125419
1109                      284.7658595125432
1110                      284.7658595125457
1111                      284.7658595125356
1112                      284.76585951253816
1113                      284.76585951253435
1114                      284.7658595125318
1115                      284.7658595125394
1116                      284.76585951254066
1117                      284.76585951254066
1118                      284.76585951253816
1119                      284.7658595125419
1120                      284.7658595125419
1121                      284.7658595125419
1122                      284.765859512547
1123                      284.76585951253816
1124                      284.7658595125356
1125                      284.76585951253685
1126                      284.7658595125419
1127                      284.76585951253685
1128                      284.76585951254066
1129                      284.7658595125356
1130                      284.76585951254066
1131                      284.7658595125356
1132                      284.76585951253304
1133                      284.7658595125432
1134                      284.7658595125432
1135                      284.7658595125457
1136                      284.76585951254066
1137                      284.76585951254066
1138                      284.76585951253816
1139                      284.76585951253304
1140                      284.76585951253816
1141                      284.76585951254066
1142                      284.76585951254066
1143                      284.76585951253816
1144                      284.76585951254066
1145                      284.76585951253816
1146                      284.7658595125432
1147                      284.7658595125356
1148                      284.76585951253816
1149                      284.7658595125432
1150                      284.76585951254066
1151                      284.76585951253304
1152                      284.76585951254066
1153                      284.76585951254066
1154                      284.76585951253816
1155                      284.76585951253816
1156                      284.76585951254066
1157                      284.7658595125254
1158                      284.76585951253816
1159                      284.76585951254066
1160                      284.7658595125432
1161                      284.7658595125432
1162                      284.76585951253816
1163                      284.76585951253816
1164                      284.76585951254066
1165                      284.76585951253304
1166                      284.7658595125356
1167                      284.76585951253816
1168                      284.76585951253054
1169                      284.7658595125483
1170                      284.76585951253816
1171                      284.76585951253816
1172                      284.7658595125457
1173                      284.7658595125432
1174                      284.76585951253816
1175                      284.76585951253304
1176                      284.76585951254066
1177                      284.7658595125356
1178                      284.76585951253816
1179                      284.7658595125432
1180                      284.7658595125457
1181                      284.76585951254066
1182                      284.76585951253816
1183                      284.76585951254066
1184                      284.76585951253304
1185                      284.76585951254066
1186                      284.7658595125457
1187                      284.7658595125432
1188                      284.76585951254066
1189                      284.76585951253304
1190                      284.76585951253816
1191                      284.7658595125432
1192                      284.76585951253816
1193                      284.76585951253304
1194                      284.7658595125356
1195                      284.76585951253816
1196                      284.7658595125356
1197                      284.76585951253816
1198                      284.76585951254066
1199                      284.7658595125356
1200                      284.76585951253054
1201                      284.7658595125356
1202                      284.7658595125356
1203                      284.7658595125356
1204                      284.76585951254066
1205                      284.7658595125356
1206                      284.7658595125356
1207                      284.76585951253054
1208                      284.7658595125356
1209                      284.76585951253816
1210                      284.7658595125356
1211                      284.7658595125432
1212                      284.7658595125432
1213                      284.76585951253304
1214                      284.76585951253816
1215                      284.7658595125356
1216                      284.76585951253816
1217                      284.7658595125432
1218                      284.76585951254066
1219                      284.7658595125356
1220                      284.76585951253304
1221                      284.76585951253054
1222                      284.7658595125356
1223                      284.76585951254066
1224                      284.7658595125356
1225                      284.76585951253816
1226                      284.765859512528
1227                      284.7658595125356
1228                      284.7658595125356
1229                      284.76585951253304
1230                      284.7658595125432
1231                      284.7658595125356
1232                      284.7658595125457
1233                      284.76585951254066
1234                      284.7658595125356
1235                      284.76585951254066
1236                      284.76585951254066
1237                      284.7658595125356
1238                      284.76585951253304
1239                      284.7658595125356
1240                      284.76585951253304
1241                      284.76585951253304
1242                      284.76585951254066
1243                      284.76585951254066
1244                      284.76585951253816
1245                      284.76585951254066
1246                      284.76585951253816
1247                      284.76585951253304
1248                      284.76585951253816
1249                      284.76585951254066
1250                      284.7658595125356
1251                      284.76585951253816
1252                      284.76585951253304
1253                      284.76585951253816
1254                      284.7658595125356
1255                      284.7658595125432
1256                      284.7658595125356
1257                      284.76585951254066
1258                      284.7658595125356
1259                      284.76585951253304
1260                      284.76585951254066
1261                      284.76585951254066
1262                      284.76585951254066
1263                      284.76585951254066
1264                      284.7658595125432
1265                      284.76585951253816
1266                      284.76585951253304
1267                      284.7658595125356
1268                      284.765859512528
1269                      284.7658595125432
1270                      284.7658595125432
1271                      284.7658595125432
1272                      284.76585951253816
1273                      284.76585951254066
1274                      284.7658595125432
1275                      284.76585951254066
1276                      284.76585951253816
1277                      284.7658595125432
1278                      284.7658595125356
1279                      284.7658595125432
1280                      284.7658595125356
1281                      284.76585951254066
1282                      284.76585951253816
1283                      284.7658595125356
1284                      284.76585951253054
1285                      284.76585951253816
1286                      284.76585951253816
1287                      284.7658595125432
1288                      284.7658595125432
1289                      284.7658595125432
1290                      284.76585951253816
1291                      284.7658595125356
1292                      284.76585951253816
1293                      284.76585951253816
1294                      284.76585951254066
1295                      284.76585951253816
1296                      284.7658595125432
1297                      284.7658595125457
1298                      284.7658595125356
1299                      284.7658595125356
1300                      284.7658595125432
1301                      284.76585951253816
1302                      284.7658595125457
1303                      284.76585951254066
1304                      284.7658595125356
1305                      284.76585951253816
1306                      284.765859512528
1307                      284.76585951254066
1308                      284.7658595125432
1309                      284.76585951254066
1310                      284.76585951253304
1311                      284.7658595125356
1312                      284.76585951253304
1313                      284.7658595125457
1314                      284.76585951254066
1315                      284.76585951254066
1316                      284.76585951253304
1317                      284.76585951253816
1318                      284.76585951253816
1319                      284.76585951253304
1320                      284.7658595125432
1321                      284.76585951253054
1322                      284.76585951253816
1323                      284.76585951254066
1324                      284.7658595125356
1325                      284.7658595125432
1326                      284.76585951253816
1327                      284.76585951254066
1328                      284.76585951253304
1329                      284.76585951253304
1330                      284.76585951253816
1331                      284.76585951253816
1332                      284.76585951253816
1333                      284.7658595125432
1334                      284.76585951253816
1335                      284.765859512528
1336                      284.7658595125432
1337                      284.7658595125432
1338                      284.76585951253816
1339                      284.7658595125432
1340                      284.76585951253816
1341                      284.7658595125432
1342                      284.76585951254066
1343                      284.76585951253816
1344                      284.7658595125457
1345                      284.76585951253816
1346                      284.7658595125356
1347                      284.7658595125356
1348                      284.765859512528
1349                      284.76585951254066
1350                      284.76585951253816
1351                      284.76585951253304
1352                      284.76585951254066
1353                      284.76585951253304
1354                      284.76585951253816
1355                      284.7658595125432
1356                      284.76585951253816
1357                      284.7658595125356
1358                      284.76585951253816
1359                      284.7658595125356
1360                      284.7658595125356
1361                      284.76585951253816
1362                      284.7658595125356
1363                      284.7658595125432
1364                      284.76585951253816
1365                      284.7658595125432
1366                      284.76585951253816
1367                      284.76585951254066
1368                      284.76585951253816
1369                      284.76585951253054
1370                      284.7658595125356
1371                      284.7658595125432
1372                      284.76585951253816
1373                      284.76585951253816
1374                      284.765859512528
1375                      284.7658595125356
1376                      284.7658595125432
1377                      284.7658595125432
1378                      284.76585951253304
1379                      284.7658595125457
1380                      284.76585951254066
1381                      284.76585951254066
1382                      284.76585951253816
1383                      284.76585951253816
1384                      284.76585951253816
1385                      284.76585951254066
1386                      284.76585951253054
1387                      284.76585951253304
1388                      284.76585951254066
1389                      284.7658595125457
1390                      284.76585951254066
1391                      284.76585951253816
1392                      284.76585951254066
1393                      284.76585951254066
1394                      284.7658595125356
1395                      284.7658595125432
1396                      284.7658595125432
1397                      284.7658595125432
1398                      284.7658595125432
1399                      284.76585951253816
1400                      284.7658595125432
1401                      284.76585951253816
1402                      284.76585951253304
1403                      284.76585951253054
1404                      284.76585951253304
1405                      284.76585951254066
1406                      284.76585951254066
1407                      284.76585951254066
1408                      284.76585951254066
1409                      284.76585951253304
1410                      284.76585951254066
1411                      284.76585951253816
1412                      284.76585951254066
1413                      284.7658595125356
1414                      284.76585951254066
1415                      284.7658595125356
1416                      284.7658595125432
1417                      284.7658595125432
1418                      284.7658595125457
1419                      284.76585951253304
1420                      284.76585951253816
1421                      284.76585951253816
1422                      284.7658595125432
1423                      284.76585951253816
1424                      284.76585951253816
1425                      284.76585951253054
1426                      284.76585951255333
1427                      284.7658595125432
1428                      284.7658595125356
1429                      284.76585951254066
1430                      284.7658595125432
1431                      284.7658595125432
1432                      284.7658595125356
1433                      284.7658595125356
1434                      284.765859512528
1435                      284.76585951253054
1436                      284.7658595125457
1437                      284.76585951254066
1438                      284.76585951254066
1439                      284.7658595125432
1440                      284.76585951254066
1441                      284.76585951253304
1442                      284.76585951254066
1443                      284.76585951254066
1444                      284.76585951253816
1445                      284.76585951253054
1446                      284.7658595125356
1447                      284.7658595125356
1448                      284.76585951254066
1449                      284.7658595125356
1450                      284.76585951253054
1451                      284.7658595125432
1452                      284.76585951254066
1453                      284.76585951253816
1454                      284.76585951254066
1455                      284.76585951253304
1456                      284.76585951254066
1457                      284.7658595125432
1458                      284.76585951253304
1459                      284.76585951254066
1460                      284.76585951253304
1461                      284.76585951253304
1462                      284.7658595125457
1463                      284.76585951253304
1464                      284.76585951252036
1465                      284.7658595125356
1466                      284.765859512528
1467                      284.76585951253816
1468                      284.76585951253304
1469                      284.7658595125356
1470                      284.7658595125356
1471                      284.76585951253304
1472                      284.7658595125356
1473                      284.76585951253816
1474                      284.7658595125457
1475                      284.7658595125356
1476                      284.76585951253816
1477                      284.765859512528
1478                      284.76585951253304
1479                      284.76585951253816
1480                      284.76585951253054
1481                      284.7658595125356
1482                      284.765859512528
1483                      284.7658595125356
1484                      284.76585951253816
1485                      284.7658595125432
1486                      284.7658595125432
1487                      284.7658595125356
1488                      284.7658595125229
1489                      284.76585951253304
1490                      284.76585951253304
1491                      284.7658595125457
1492                      284.76585951253816
1493                      284.7658595125356
1494                      284.76585951253816
1495                      284.7658595125356
1496                      284.76585951254066
1497                      284.76585951253816
1498                      284.76585951253054
1499                      284.76585951254066
1500                      284.76585951253054
1501                      284.7658595125356
1502                      284.76585951254066
1503                      284.76585951254066
1504                      284.76585951253816
1505                      284.7658595125356
1506                      284.76585951254066
1507                      284.76585951253816
1508                      284.7658595125432
1509                      284.7658595125356
1510                      284.7658595125356
1511                      284.7658595125356
1512                      284.7658595125457
1513                      284.76585951253816
1514                      284.76585951254066
1515                      284.76585951253816
1516                      284.7658595125356
1517                      284.7658595125356
1518                      284.76585951254066
1519                      284.76585951254066
1520                      284.76585951253816
1521                      284.76585951253304
1522                      284.76585951253304
1523                      284.7658595125356
1524                      284.7658595125432
1525                      284.76585951253054
1526                      284.7658595125356
1527                      284.76585951253816
1528                      284.76585951253816
1529                      284.76585951253816
1530                      284.7658595125432
1531                      284.7658595125356
1532                      284.7658595125356
1533                      284.76585951253816
1534                      284.7658595125254
1535                      284.76585951253816
1536                      284.76585951253816
1537                      284.7658595125356
1538                      284.76585951253054
1539                      284.7658595125432
1540                      284.76585951253304
1541                      284.76585951254066
1542                      284.7658595125457
1543                      284.76585951253816
1544                      284.76585951253304
1545                      284.76585951254066
1546                      284.7658595125356
1547                      284.76585951253816
1548                      284.76585951254066
1549                      284.76585951253054
1550                      284.7658595125432
1551                      284.76585951253054
1552                      284.76585951253304
1553                      284.76585951255083
1554                      284.76585951253304
1555                      284.76585951253816
1556                      284.7658595125356
1557                      284.76585951253304
1558                      284.76585951253816
1559                      284.76585951253054
1560                      284.76585951253054
1561                      284.76585951254066
1562                      284.76585951254066
1563                      284.76585951254066
1564                      284.7658595125432
1565                      284.76585951253304
1566                      284.76585951253054
1567                      284.7658595125432
1568                      284.76585951253816
1569                      284.76585951254066
1570                      284.7658595125457
1571                      284.7658595125483
1572                      284.76585951254066
1573                      284.7658595125356
1574                      284.7658595125432
1575                      284.7658595125432
1576                      284.7658595125432
1577                      284.76585951254066
1578                      284.7658595125356
1579                      284.76585951253304
1580                      284.7658595125432
1581                      284.7658595125356
1582                      284.7658595125457
1583                      284.7658595125356
1584                      284.7658595125356
1585                      284.7658595125483
1586                      284.76585951254066
1587                      284.7658595125432
1588                      284.76585951254066
1589                      284.7658595125457
1590                      284.7658595125356
1591                      284.76585951253054
1592                      284.7658595125432
1593                      284.76585951253304
1594                      284.76585951253816
1595                      284.76585951253816
1596                      284.7658595125356
1597                      284.76585951253054
1598                      284.7658595125432
1599                      284.76585951253054
1600                      284.76585951253816
1601                      284.76585951253816
1602                      284.76585951253816
1603                      284.76585951254066
1604                      284.7658595125457
1605                      284.7658595125432
1606                      284.76585951253054
1607                      284.7658595125356
1608                      284.76585951253816
1609                      284.76585951253816
1610                      284.76585951253816
1611                      284.765859512528
1612                      284.76585951253304
1613                      284.76585951254066
1614                      284.7658595125432
1615                      284.7658595125432
1616                      284.7658595125356
1617                      284.76585951253816
1618                      284.76585951253054
1619                      284.76585951254066
1620                      284.7658595125432
1621                      284.76585951253304
1622                      284.76585951254066
1623                      284.76585951253816
1624                      284.76585951253816
1625                      284.76585951254066
1626                      284.76585951253816
1627                      284.765859512528
1628                      284.76585951253304
1629                      284.7658595125483
1630                      284.76585951253304
1631                      284.76585951253304
1632                      284.76585951254066
1633                      284.76585951254066
1634                      284.7658595125457
1635                      284.7658595125356
1636                      284.7658595125356
1637                      284.765859512528
1638                      284.76585951254066
1639                      284.7658595125457
1640                      284.76585951253054
1641                      284.7658595125356
1642                      284.76585951253054
1643                      284.76585951253054
1644                      284.7658595125457
1645                      284.76585951253816
1646                      284.76585951253816
1647                      284.76585951253304
1648                      284.7658595125457
1649                      284.76585951254066
1650                      284.7658595125356
1651                      284.76585951254066
1652                      284.76585951253816
1653                      284.7658595125432
1654                      284.76585951253816
1655                      284.7658595125356
1656                      284.76585951253816
1657                      284.76585951253304
1658                      284.76585951253816
1659                      284.76585951255845
1660                      284.76585951254066