1                         4.157563935171074
2                         4.125797059280544
3                         4.114451734167084
4                         4.106050087436316
5                         4.099071342429245
6                         4.092938640914985
7                         4.087459552989442
8                         4.082439833948814
9                         4.077779472648262
10                        4.073387576320542
11                        4.069225024263431
12                        4.0652799422831185
13                        4.061508778320546
14                        4.0579307590956235
15                        4.054435322807491
16                        4.0510683464384725
17                        4.0478298299885695
18                        4.044719773457782
19                        4.041714627005418
20                        4.03877628746278
21                        4.03593979126528
22                        4.0332051384129155
23                        4.030572328905688
24                        4.027996045896192
25                        4.0254755222814715
26                        4.023030723196263
27                        4.020661648640568
28                        4.018368298614388
29                        4.016101251803415
30                        4.013889167375289
31                        4.011734327090358
32                        4.009636730948624
33                        4.007587896431171
34                        4.0055614833721425
35                        4.003578327124568
36                        4.00163842768845
37                        3.999741785063786
38                        3.997872355311591
39                        3.9960240189501675
40                        3.9942076831825717
41                        3.992423348008803
42                        3.990671013428862
43                        3.9889506794427483
44                        3.987262346050462
45                        3.9856060132520033
46                        3.983981681047372
47                        3.9823850612987663
48                        3.980790464226622
49                        3.979221453032972
50                        3.977678027717817
51                        3.9761601882811566
52                        3.9746679347229907
53                        3.9732012670433194
54                        3.971760185242143
55                        3.9703446893194614
56                        3.968954779275274
57                        3.967569463052721
58                        3.96619734970626
59                        3.964845202023551
60                        3.9635130200045947
61                        3.9622008036493903
62                        3.9609085529579375
63                        3.9596362679302373
64                        3.958383948566289
65                        3.9571515948660934
66                        3.9559314126073715
67                        3.9547124034547148
68                        3.9535085565750943
69                        3.9523198719685095
70                        3.951146349634961
71                        3.9499879895744487
72                        3.948844791786972
73                        3.947716756272531
74                        3.946603883031126
75                        3.9455061720627573
76                        3.944407079879799
77                        3.9433185804539046
78                        3.9422417999956756
79                        3.9411767385051126
80                        3.940123395982215
81                        3.9390817724269827
82                        3.9380518678394165
83                        3.9370336822195156
84                        3.93602721556728
85                        3.935026317751531
86                        3.934029812638998
87                        3.9330426738602458
88                        3.932064901415274
89                        3.9310964953040832
90                        3.9301374555266726
91                        3.9291877820830434
92                        3.928247474973195
93                        3.927316534197127
94                        3.9263949597548398
95                        3.925482751646333
96                        3.9245799098716074
97                        3.9236864344306626
98                        3.9228023253234983
99                        3.921927582550115
100                       3.921062206110512
101                       3.9202061960046897
102                       3.9193595522326485
103                       3.918522274794388
104                       3.917682000312811
105                       3.9168447649522666
106                       3.916015136500926
107                       3.915193114958788
108                       3.9143787003258534
109                       3.9135718926021212
110                       3.912772691787593
111                       3.911981097882267
112                       3.9111971108861447
113                       3.910420730799225
114                       3.909651957621509
115                       3.9088907913529956
116                       3.9081372319936856
117                       3.907391279543578
118                       3.906652934002674
119                       3.9059221953709735
120                       3.9051990636484755
121                       3.9044835388351804
122                       3.9037756209310888
123                       3.9030585669368323
124                       3.9023457442866136
125                       3.9016386685297118
126                       3.900937339666127
127                       3.9002417576958597
128                       3.899551922618909
129                       3.898867834435276
130                       3.8981894931449594
131                       3.8975168987479605
132                       3.8968500512442783
133                       3.8961889506339134
134                       3.895533596916865
135                       3.8948839900931347
136                       3.894240130162721
137                       3.8936020171256245
138                       3.8929696509818448
139                       3.8923430317313827
140                       3.891722159374237
141                       3.891105569428037
142                       3.8904815890704656
143                       3.889861896821204
144                       3.8892464926802526
145                       3.888635376647612
146                       3.8880285487232804
147                       3.8874260089072594
148                       3.886827757199548
149                       3.8862337936001468
150                       3.8856441181090564
151                       3.8850587307262754
152                       3.884477631451804
153                       3.883900820285643
154                       3.8833282972277927
155                       3.882760062278252
156                       3.8821961154370213
157                       3.8816364567041006
158                       3.88108108607949
159                       3.88053000356319
160                       3.879979574995406
161                       3.879424103949884
162                       3.878871650303932
163                       3.87832221405755
164                       3.8777757952107375
165                       3.8772323937634954
166                       3.876692009715823
167                       3.8761546430677205
168                       3.8756202938191877
169                       3.8750889619702247
170                       3.874560647520832
171                       3.874035350471009
172                       3.8735130708207555
173                       3.8729938085700724
174                       3.8724775637189595
175                       3.871964336267416
176                       3.871454126215442
177                       3.8709469335630384
178                       3.8704427583102046
179                       3.8699367885549636
180                       3.8694281239959443
181                       3.868921464512103
182                       3.868416810103439
183                       3.8679141607699523
184                       3.8674135165116437
185                       3.866914877328512
186                       3.8664182432205583
187                       3.865923614187782
188                       3.865430990230183
189                       3.864940371347762
190                       3.8644517575405186
191                       3.8639651488084525
192                       3.8634805451515635
193                       3.8629979465698527
194                       3.8625173530633194
195                       3.862038764631963
196                       3.861562181275785
197                       3.8610876029947843
198                       3.860610713378481
199                       3.8601333069560892
200                       3.8596572598287335
201                       3.859182571996414
202                       3.85870924345913
203                       3.858237274216882
204                       3.85776666426967
205                       3.8572974136174945
206                       3.8568295222603544
207                       3.8563629901982504
208                       3.8558978174311824
209                       3.85543400395915
210                       3.854971549782154
211                       3.854510454900194
212                       3.8540507193132694
213                       3.853592343021381
214                       3.8531353260245287
215                       3.8526796683227125
216                       3.852225369915932
217                       3.851767930105139
218                       3.8513107414079366
219                       3.850854391817679
220                       3.8503988813343684
221                       3.8499442099580024
222                       3.849490377688583
223                       3.8490373845261083
224                       3.84858523047058
225                       3.8481339155219967
226                       3.8476834396803596
227                       3.8472338029456674
228                       3.846785005317922
229                       3.8463370467971214
230                       3.8458899273832667
231                       3.8454436470763573
232                       3.8449982058763945
233                       3.8445536037833765
234                       3.8441098407973047
235                       3.8436666659522865
236                       3.843220909256574
237                       3.842775623578132
238                       3.8423308089169597
239                       3.841886465273058
240                       3.8414425926464264
241                       3.840999191037065
242                       3.840556260444974
243                       3.8401138008701534
244                       3.8396718123126026
245                       3.8392302947723227
246                       3.8387892482493124
247                       3.8383486727435727
248                       3.8379085682551035
249                       3.8374689347839044
250                       3.8370297723299753
251                       3.836591080893317
252                       3.8361528604739283
253                       3.83571511107181
254                       3.83527717674352
255                       3.834837734286235
256                       3.8343985037123587
257                       3.8339594850218903
258                       3.83352067821483
259                       3.833082083291178
260                       3.832643700250935
261                       3.8322055290940993
262                       3.831767569820672
263                       3.8313298224306536
264                       3.8308922869240427
265                       3.8304549633008405
266                       3.8300178515610463
267                       3.8295809517046604
268                       3.829144263731683
269                       3.828707787642114
270                       3.8282715234359523
271                       3.8278354711132
272                       3.827399630673855
273                       3.826963009022537
274                       3.8265252631852604
275                       3.826087504453008
276                       3.8256497328257795
277                       3.8252119483035742
278                       3.824774150886394
279                       3.824336340574238
280                       3.823898517367106
281                       3.823460681264997
282                       3.823022832267913
283                       3.8225849703758534
284                       3.8221470955888175
285                       3.8217092079068054
286                       3.821271307329818
287                       3.8208333938578543
288                       3.820395467490915
289                       3.8199575282289993
290                       3.819519576072108
291                       3.819081611020241
292                       3.818642594665349
293                       3.818202875626537
294                       3.817762979964289
295                       3.8173229076786046
296                       3.8168826587694835
297                       3.816442233236926
298                       3.8160016310809324
299                       3.8155608523015023
300                       3.8151198968986355
301                       3.814678764872333
302                       3.814237456222594
303                       3.813795970949418
304                       3.813354309052806
305                       3.8129124705327575
306                       3.8124704553892728
307                       3.8120282636223517
308                       3.811585895231994
309                       3.8111433502182
310                       3.81070062858097
311                       3.8102570438750836
312                       3.809813080446449
313                       3.8093688577273603
314                       3.808924375717817
315                       3.808479634417819
316                       3.8080346338273667
317                       3.80758937394646
318                       3.807143854775099
319                       3.806698076313283
320                       3.8062520385610132
321                       3.805805741518289
322                       3.8053591851851096
323                       3.8049123695614764
324                       3.8044652946473883
325                       3.804017960442846
326                       3.803570366947849
327                       3.803122514162398
328                       3.802674402086492
329                       3.802226013782376
330                       3.8017769164886523
331                       3.8013275129670943
332                       3.800877803217702
333                       3.800427787240474
334                       3.799977465035412
335                       3.7995268366025154
336                       3.7990759019417837
337                       3.798624661053218
338                       3.798173113936817
339                       3.797721260592582
340                       3.7972691010205115
341                       3.7968166352206065
342                       3.7963638631928673
343                       3.7959107849372926
344                       3.795457400453884
345                       3.7950037097426406
346                       3.7945497128035623
347                       3.7940954096366495
348                       3.7936407625941637
349                       3.7931856738350467
350                       3.7927302617649006
351                       3.7922745263837263
352                       3.7918184676915234
353                       3.791362085688291
354                       3.7909053803740305
355                       3.7904483517487413
356                       3.7899909998124235
357                       3.7895333245650766
358                       3.789075326006701
359                       3.788617004137297
360                       3.7881583589568644
361                       3.787699390465403
362                       3.7872400986629127
363                       3.786780483549394
364                       3.7863205451248465
365                       3.7858602833892703
366                       3.7853996983426654
367                       3.7849387902957194
368                       3.7844775594127515
369                       3.7840160052948293
370                       3.783554127941951
371                       3.783091927354118
372                       3.7826294035313293
373                       3.7821665564735856
374                       3.7817033861808858
375                       3.7812398926532316
376                       3.7807760758906217
377                       3.7803119358930566
378                       3.779847472660536
379                       3.77938268619306
380                       3.778917576490629
381                       3.7784521435532428
382                       3.777986387380901
383                       3.777520307973604
384                       3.7770539053313517
385                       3.776587179454144
386                       3.7761200345824486
387                       3.775652494361626
388                       3.7751846149502906
389                       3.774716396348443
390                       3.774247838556083
391                       3.7737789415732115
392                       3.7733097053998272
393                       3.772840130035931
394                       3.772370215481522
395                       3.771899961736601
396                       3.7714293688011673
397                       3.770958436675222
398                       3.770487165358764
399                       3.7700155548517946
400                       3.7695436051543116
401                       3.7690713162663174
402                       3.7685986881878106
403                       3.7681257209187917
404                       3.76765241445926
405                       3.767178768809216
406                       3.7667047839686605
407                       3.7662304599375926
408                       3.7657557967160122
409                       3.7652807943039193
410                       3.764805452701314
411                       3.7643297719081974
412                       3.763853751924568
413                       3.763377392750426
414                       3.762900694385772
415                       3.762423656830606
416                       3.7619462800849277
417                       3.761468564148737
418                       3.760990509022034
419                       3.7605121147048184
420                       3.7600333811970907
421                       3.7595543084988514
422                       3.759074896610099
423                       3.7585951469015018
424                       3.7581153789752997
425                       3.7576352885506803
426                       3.757154875627643
427                       3.7566741402061883
428                       3.7561930822863157
429                       3.755711701868025
430                       3.7552299989513167
431                       3.754747973536191
432                       3.754265625622647
433                       3.7537829552106854
434                       3.7532999623003063
435                       3.7528166468915094
436                       3.7523330089842943
437                       3.751849048578662
438                       3.7513647656746114
439                       3.750880160272143
440                       3.7503952323712575
441                       3.749909981971954
442                       3.7494244090742326
443                       3.7489385136780933
444                       3.7484522957835362
445                       3.747965755390562
446                       3.7474788924991693
447                       3.746991707109359
448                       3.746504199221131
449                       3.7460163688344856
450                       3.745528215949422
451                       3.745039740565941
452                       3.7445509426840413
453                       3.744061822303725
454                       3.7435723794249904
455                       3.743082614047838
456                       3.742592526172268
457                       3.74210208962997
458                       3.7416111789402944
459                       3.74111993563645
460                       3.7406283597184378
461                       3.7401364511862574
462                       3.739644210039909
463                       3.739151636279392
464                       3.738658729904707
465                       3.738165490915854
466                       3.737671919312833
467                       3.7371780150956435
468                       3.736683778264286
469                       3.7361892088187605
470                       3.7356943067590667
471                       3.7351990720852046
472                       3.734703504797175
473                       3.7342076048949764
474                       3.73371137237861
475                       3.7332148072480753
476                       3.7327179095033727
477                       3.732220679144502
478                       3.7317231161714632
479                       3.7312252205842555
480                       3.7307269923828805
481                       3.7302284315673373
482                       3.729729538137626
483                       3.729230312093746
484                       3.728730753435698
485                       3.728230862163482
486                       3.727730638277098
487                       3.727230081776545
488                       3.726729192661825
489                       3.7262279709329365
490                       3.7257264165898794
491                       3.7252244533983707
492                       3.72472196998311
493                       3.7242191390691484
494                       3.723715960656485
495                       3.7232124347451205
496                       3.7227085613350552
497                       3.722204340426288
498                       3.72169977201882
499                       3.721194856112651
500                       3.7206895927077803
501                       3.720183981804209
502                       3.7196780234019355
503                       3.7191717175009615
504                       3.718665064101286
505                       3.7181580632029094
506                       3.7176507148058318
507                       3.7171430189100527
508                       3.7166349755155728
509                       3.7161265846223914
510                       3.7156178462305087
511                       3.7151087603399247
512                       3.7145993269506397
513                       3.7140895460626533
514                       3.7135794176759656
515                       3.713068941790577
516                       3.712558118406487
517                       3.712046947523696
518                       3.7115354291422036
519                       3.71102356326201
520                       3.7105113498831153
521                       3.709998789005519
522                       3.709485880629222
523                       3.708972624754223
524                       3.7084590213805235
525                       3.707944993531186
526                       3.707430515972122
527                       3.706915680889197
528                       3.706400488282412
529                       3.7058849381517662
530                       3.705369030497261
531                       3.7048527653188943
532                       3.7043361426166683
533                       3.703819162390581
534                       3.703301824640634
535                       3.7027841293668264
536                       3.7022660765691584
537                       3.7017476662476305
538                       3.7012288984022415
539                       3.700709773032993
540                       3.7001902901398833
541                       3.6996704497229143
542                       3.699150251782084
543                       3.698629696317394
544                       3.698108783328843
545                       3.6975875128164324
546                       3.697065884780161
547                       3.6965438992200292
548                       3.6960215561360372
549                       3.695498855528185
550                       3.6949757973964723
551                       3.6944523817408994
552                       3.6939286085614658
553                       3.6934044778581723
554                       3.692879989631018
555                       3.6923551438800035
556                       3.6918299406051287
557                       3.691304379806394
558                       3.690778461483798
559                       3.6902521121699223
560                       3.689725349715388
561                       3.6891982225742472
562                       3.6886707307465008
563                       3.6881428742321485
564                       3.687614653031191
565                       3.687086067143627
566                       3.6865571165694573
567                       3.686027801308682
568                       3.685498121361301
569                       3.684968076727314
570                       3.684437667406721
571                       3.6839068933995223
572                       3.683375754705718
573                       3.682844251325308
574                       3.682312383258292
575                       3.68178015050467
576                       3.681247553064442
577                       3.6807145909376087
578                       3.6801812641241693
579                       3.6796475726241242
580                       3.6791135164374733
581                       3.6785790955642166
582                       3.678044310004354
583                       3.6775091597578853
584                       3.6769736448248116
585                       3.676437765205131
586                       3.6759015208988455
587                       3.6753649119059535
588                       3.6748279382264566
589                       3.674290599860353
590                       3.673752896807644
591                       3.673214829068329
592                       3.6726763966424087
593                       3.6721374825248145
594                       3.6715981553780646
595                       3.6710584544443727
596                       3.6705183797237386
597                       3.6699779312161622
598                       3.669437108921644
599                       3.6688959128401835
600                       3.668354342971781
601                       3.6678123993164364
602                       3.6672700818741495
603                       3.6667273906449207
604                       3.66618432562875
605                       3.665640886825637
606                       3.665097074235582
607                       3.664552887858585
608                       3.6640083276946456
609                       3.6634633937437644
610                       3.662918086005941
611                       3.6623724044811747
612                       3.661826349169467
613                       3.6612799200708177
614                       3.6607331171852255
615                       3.660185940512692
616                       3.6596383900532157
617                       3.659090465806798
618                       3.6585421677734375
619                       3.6579934959531353
620                       3.657444450345891
621                       3.6568950309517048
622                       3.656345237770576
623                       3.6557950708025055
624                       3.6552445300474927
625                       3.654693615505538
626                       3.654142327176641
627                       3.6535904482671415
628                       3.653038155826878
629                       3.6524854755943803
630                       3.6519324075696478
631                       3.6513789517526805
632                       3.6508251081434784
633                       3.6502708767420415
634                       3.64971625754837
635                       3.649161250562463
636                       3.648605855784322
637                       3.6480500732139456
638                       3.647493902851335
639                       3.6469373446964894
640                       3.6463803987494092
641                       3.645823065010094
642                       3.6452653434785436
643                       3.644707234154759
644                       3.6441487370387393
645                       3.6435898521304853
646                       3.643030579429996
647                       3.6424709189372724
648                       3.6419108706523136
649                       3.6413504345751204
650                       3.6407896107056916
651                       3.640228399044029
652                       3.639666799590131
653                       3.639104812343999
654                       3.6385424373056314
655                       3.6379796744750292
656                       3.6374165238521923
657                       3.6368529854371205
658                       3.636289059229814
659                       3.635724745230273
660                       3.6351600326731845
661                       3.6345946575544006
662                       3.6340288782943793
663                       3.63346269489312
664                       3.632896107350623
665                       3.632329115666889
666                       3.631761719841917
667                       3.6311939198757077
668                       3.6306257157682604
669                       3.6300571075195758
670                       3.6294880951296533
671                       3.6289186785984935
672                       3.628348857926096
673                       3.6277786331124604
674                       3.6272080041575876
675                       3.6266369710614774
676                       3.6260655338241294
677                       3.6254936924455436
678                       3.6249214469257205
679                       3.6243487972646595
680                       3.623775743462361
681                       3.623202285518825
682                       3.622628423434051
683                       3.62205415720804
684                       3.621479486840791
685                       3.620904412332304
686                       3.6203289336825804
687                       3.6197530508916183
688                       3.6191767639594192
689                       3.618600072885982
690                       3.6180229776713073
691                       3.6174454783153953
692                       3.6168675748182455
693                       3.616289267179858
694                       3.6157104996031015
695                       3.615131074308563
696                       3.6145512273074623
697                       3.6139709585997997
698                       3.6133902681855745
699                       3.6128091560647873
700                       3.612227622237438
701                       3.611645666703526
702                       3.611063289463052
703                       3.610480490516016
704                       3.6098972698624174
705                       3.609313627502257
706                       3.608729563435534
707                       3.608145077662249
708                       3.607560170182402
709                       3.6069748409959925
710                       3.6063890901030207
711                       3.6058029175034867
712                       3.6052163231973906
713                       3.6046293071847324
714                       3.6040418694655116
715                       3.6034540100397288
716                       3.602865728907384
717                       3.6022770260684767
718                       3.601687901523007
719                       3.6010983552709757
720                       3.6005083873123813
721                       3.5999179976472258
722                       3.599327186275507
723                       3.5987359531972265
724                       3.5981442984123837
725                       3.597552221920979
726                       3.5969597237230113
727                       3.596366803818482
728                       3.595773360032759
729                       3.595179279268196
730                       3.5945847589233466
731                       3.5939897989982104
732                       3.5933943994927864
733                       3.5927985604070765
734                       3.5922022817410797
735                       3.591605563494796
736                       3.591008405668225
737                       3.590410808261368
738                       3.589812771274224
739                       3.5892142947067924
740                       3.588615378559075
741                       3.5880160228310705
742                       3.587416227522779
743                       3.5868159926342007
744                       3.5862153181653356
745                       3.5856142041161836
746                       3.585012650486745
747                       3.5844106572770196
748                       3.583808224487007
749                       3.583205352116708
750                       3.582602040166122
751                       3.5819982886352495
752                       3.5813940975240897
753                       3.5807894668326434
754                       3.58018439656091
755                       3.57957888670889
756                       3.5789729372765833
757                       3.5783665482639897
758                       3.577759719671109
759                       3.5771524514979416
760                       3.5765447437444875
761                       3.575936596410747
762                       3.5753278710829832
763                       3.5747185451579213
764                       3.5741087629323682
765                       3.5734985244063253
766                       3.5728878295797917
767                       3.5722766784527678
768                       3.571665071025253
769                       3.5710530072972486
770                       3.5704404872687534
771                       3.569827510939768
772                       3.5692140783102917
773                       3.568600189380325
774                       3.5679858441498684
775                       3.5673710426189214
776                       3.5667557847874836
777                       3.5661400706555555
778                       3.5655239002231367
779                       3.564907273490228
780                       3.5642901904568287
781                       3.563672651122939
782                       3.5630546554885587
783                       3.5624362035536885
784                       3.561817295318327
785                       3.561197930782476
786                       3.560578109946134
787                       3.5599578328093022
788                       3.5593370993719793
789                       3.5587159096341665
790                       3.5580942635958626
791                       3.557472161257069
792                       3.556849602617785
793                       3.5562265876780104
794                       3.5556031164377453
795                       3.5549791888969895
796                       3.554354609899998
797                       3.553729445342301
798                       3.553103806517006
799                       3.552477693424114
800                       3.5518511060636238
801                       3.5512240444355356
802                       3.55059650853985
803                       3.549968498376566
804                       3.5493400139456845
805                       3.5487110552472054
806                       3.5480816222811282
807                       3.5474517150474534
808                       3.546821333546181
809                       3.546190477777311
810                       3.5455591477408426
811                       3.5449273434367767
812                       3.5442950648651133
813                       3.543662312025852
814                       3.543029084918993
815                       3.542395383544536
816                       3.541761207902481
817                       3.541126557992829
818                       3.540491433815579
819                       3.5398558353707306
820                       3.539219762658285
821                       3.5385832156782415
822                       3.5379461944306
823                       3.537308698915361
824                       3.536670729132524
825                       3.5360322850820896
826                       3.535393366764057
827                       3.5347539741784266
828                       3.5341141073251987
829                       3.533473766204373
830                       3.5328326637910434
831                       3.5321909861598115
832                       3.5315488129482167
833                       3.5309061441562584
834                       3.530262979783937
835                       3.5296193198312524
836                       3.528975164298205
837                       3.5283305131847937
838                       3.5276853664910193
839                       3.527039724216882
840                       3.5263935863623805
841                       3.5257469529275167
842                       3.525099823912289
843                       3.524452199316699
844                       3.523804079140745
845                       3.5231554633844278
846                       3.5225063520477473
847                       3.521856745130704
848                       3.5212066426332975
849                       3.5205560445555273
850                       3.519904950897394
851                       3.519253361658897
852                       3.5186012768400374
853                       3.5179486964408144
854                       3.5172956204612285
855                       3.5166420489012786
856                       3.515987981760966
857                       3.51533341904029
858                       3.514678360739251
859                       3.5140228068578483
860                       3.5133667573960823
861                       3.5127102123539538
862                       3.5120531717314614
863                       3.511395635528606
864                       3.5107372975134896
865                       3.510078420971792
866                       3.5094190298226873
867                       3.508759124066173
868                       3.508098703702251
869                       3.507437768730921
870                       3.506776319152182
871                       3.506114354966035
872                       3.5054518761724798
873                       3.504788882771516
874                       3.5041253747631442
875                       3.5034613521473634
876                       3.502796814924175
877                       3.502131763093578
878                       3.5014661966555725
879                       3.500800115610159
880                       3.500133519957337
881                       3.499466409697107
882                       3.4987987848294684
883                       3.498130645354421
884                       3.4974619912719658
885                       3.4967928225821026
886                       3.49612313928483
887                       3.49545294138015
888                       3.4947822288680617
889                       3.4941110017485646
890                       3.4934392600216597
891                       3.492767003687346
892                       3.4920942327456244
893                       3.4914209471964943
894                       3.490747147039955
895                       3.4900728322760086
896                       3.489398002904654
897                       3.4887226351134357
898                       3.4880464416155745
899                       3.487369714371901
900                       3.4866924533824153
901                       3.486014658647118
902                       3.4853363301660085
903                       3.4846574679390874
904                       3.483978071966354
905                       3.483298142247808
906                       3.482617678783451
907                       3.4819366815732815
908                       3.4812551506173
909                       3.4805730859155064
910                       3.4798904874679013
911                       3.4792073552744838
912                       3.478523689335254
913                       3.4778394896502127
914                       3.477154756219359
915                       3.4764694890426937
916                       3.4757836881202158
917                       3.4750973534519267
918                       3.4744104850378252
919                       3.4737230828779113
920                       3.473035146972186
921                       3.4723466773206484
922                       3.471657673923299
923                       3.470968136780137
924                       3.4702780658911636
925                       3.469587461256378
926                       3.4688963228757808
927                       3.468204650749371
928                       3.4675124448771495
929                       3.466819705259116
930                       3.4661264318952703
931                       3.4654325585644195
932                       3.464737907516022
933                       3.4640427051443954
934                       3.463346951449541
935                       3.4626506464314586
936                       3.4619537900901474
937                       3.4612563824256077
938                       3.46055842343784
939                       3.459859913126844
940                       3.4591608514926198
941                       3.4584612385351674
942                       3.457761074254486
943                       3.4570603586505766
944                       3.4563590917234395
945                       3.4556572734730735
946                       3.454954903899479
947                       3.454251983002657
948                       3.4535485107826056
949                       3.4528444872393265
950                       3.4521399123728194
951                       3.4514347861830834
952                       3.450729108670119
953                       3.450022879833927
954                       3.4493160996745065
955                       3.448608768191857
956                       3.4479008853859803
957                       3.4471924512568743
958                       3.4464834658045405
959                       3.445773929028978
960                       3.4450638409301875
961                       3.4443532015081684
962                       3.4436420107629218
963                       3.442930268694446
964                       3.442217975302742
965                       3.441505021147502
966                       3.4407913165916777
967                       3.4400770433753283
968                       3.4393622014984544
969                       3.438646790961056
970                       3.437930811763132
971                       3.437214263904683
972                       3.43649714738571
973                       3.435779462206211
974                       3.4350612083661876
975                       3.434342385865639
976                       3.433622994704566
977                       3.432903034882967
978                       3.432182506400844
979                       3.4314614092581963
980                       3.430739743455023
981                       3.4300175089913245
982                       3.4292947058671017
983                       3.428571334082354
984                       3.427847393637081
985                       3.427122884531283
986                       3.4263978067649608
987                       3.4256721603381126
988                       3.42494594525074
989                       3.424219161502842
990                       3.42349180909442
991                       3.4227638880254725
992                       3.422035398296
993                       3.4213063399060033
994                       3.420576712855481
995                       3.419846517144433
996                       3.419115752772861
997                       3.4183844197407645
998                       3.4176525180481425
999                       3.416919879339349
1000                      3.4161865001208596
1001                      3.4154525332813375
1002                      3.414717978820783
1003                      3.413982836739196
1004                      3.4132471070365766
1005                      3.4125107897129245
1006                      3.41177388476824
1007                      3.411036392202523
1008                      3.4102983120157737
1009                      3.4095596442079916
1010                      3.408820388779177
1011                      3.4080805457293297
1012                      3.4073401150584504
1013                      3.406599096766538
1014                      3.4058574908535935
1015                      3.4051152973196164
1016                      3.404372516164607
1017                      3.403629147388565
1018                      3.40288519099149
1019                      3.402140646973383
1020                      3.4013955153342432
1021                      3.4006497960740707
1022                      3.3999034891928663
1023                      3.399156594690629
1024                      3.398409112567359
1025                      3.397661042823057
1026                      3.396912385457722
1027                      3.396163140471355
1028                      3.3954133078639552
1029                      3.394662887635523
1030                      3.3939118797860583
1031                      3.393160284315561
1032                      3.392408101224031
1033                      3.3916550473601963
1034                      3.3909012423589284
1035                      3.3901468250460285
1036                      3.389391795421496
1037                      3.3886361534853315
1038                      3.387879899237535
1039                      3.387123032678106
1040                      3.3863655538070443
1041                      3.3856074626243506
1042                      3.384848759130025
1043                      3.384089443324067
1044                      3.383329515206477
1045                      3.3825689747772545
1046                      3.3818078220363996
1047                      3.3810460569839123
1048                      3.380283679619793
1049                      3.3795206899440418
1050                      3.3787570879566577
1051                      3.377992873657642
1052                      3.3772280470469935
1053                      3.3764626081247133
1054                      3.3756965568908
1055                      3.374929893345255
1056                      3.374162617488078
1057                      3.3733947293192683
1058                      3.372626228838827
1059                      3.371857116046753
1060                      3.371087390943046
1061                      3.3703170535277076
1062                      3.369546103800737
1063                      3.3687745417621344
1064                      3.368002367411899
1065                      3.3672295807500316
1066                      3.366456181776532
1067                      3.3656818165146625
1068                      3.364906734349569
1069                      3.364131014729804
1070                      3.3633546576553677
1071                      3.362577663126259
1072                      3.36180003114248
1073                      3.3610217617040283
1074                      3.360242854810905
1075                      3.359463310463111
1076                      3.358683128660645
1077                      3.3579023094035074
1078                      3.3571208526916982
1079                      3.3563387585252173
1080                      3.355556026904065
1081                      3.3547726578282413
1082                      3.3539886512977457
1083                      3.353204007312579
1084                      3.35241872587274
1085                      3.35163280697823
1086                      3.350846250629048
1087                      3.3500590568251947
1088                      3.3492712255666697
1089                      3.348482756853473
1090                      3.347693650685605
1091                      3.3469039070630653
1092                      3.346113525985854
1093                      3.345322507453971
1094                      3.3445308514674172
1095                      3.3437385580261907
1096                      3.3429456271302933
1097                      3.342152058779724
1098                      3.3413578529744834
1099                      3.340563009714571
1100                      3.3397675289999875
1101                      3.338970909297771
1102                      3.338173601862204
1103                      3.3373756269596364
1104                      3.3365769845900686
1105                      3.3357776747535013
1106                      3.3349776974499337
1107                      3.334177052679366
1108                      3.3333757404417983
1109                      3.33257376073723
1110                      3.3317711135656625
1111                      3.330967798927094
1112                      3.3301638168215257
1113                      3.329359167248958
1114                      3.3285538502093894
1115                      3.327747865702821
1116                      3.3269412137292527
1117                      3.3261338942886836
1118                      3.3253259073811154
1119                      3.3245172530065465
1120                      3.3237079311649773
1121                      3.3228979418564086
1122                      3.3220872850808396
1123                      3.3212759608382707
1124                      3.3204639691287015
1125                      3.319651309952132
1126                      3.318837983308563
1127                      3.318023989197993
1128                      3.3172093276204233
1129                      3.316393998575854
1130                      3.315578002064284
1131                      3.314761338085714
1132                      3.3139440066401447
1133                      3.313126007727574
1134                      3.312307278413416
1135                      3.3114873419503863
1136                      3.310666703651805
1137                      3.3098453635176734
1138                      3.3090233215479903
1139                      3.3082005777427566
1140                      3.3073771321019714
1141                      3.306552984625635
1142                      3.305728135313748
1143                      3.30490258416631
1144                      3.304076331183321
1145                      3.3032493763647803
1146                      3.3024217197106887
1147                      3.301593361221047
1148                      3.300764300895853
1149                      3.2999345387351084
1150                      3.2991040747388123
1151                      3.298272908906966
1152                      3.2974410412395683
1153                      3.296608471736619
1154                      3.295775200398119
1155                      3.2949412272240677
1156                      3.2941065522144664
1157                      3.2932711753693127
1158                      3.2924350966886085
1159                      3.291598316172353
1160                      3.290760833820547
1161                      3.2899226496331897
1162                      3.289083763610281
1163                      3.2882441757518213
1164                      3.287403886057811
1165                      3.2865628945282492
1166                      3.2857212011631365
1167                      3.2848788059624723
1168                      3.284035542720714
1169                      3.283191069725701
1170                      3.2823458567697354
1171                      3.2814999038528168
1172                      3.2806532109749447
1173                      3.2798057781361196
1174                      3.278957605336341
1175                      3.2781086925756098
1176                      3.277259039853925
1177                      3.2764086471712877
1178                      3.275557514527697
1179                      3.274705641923153
1180                      3.2738530293576558
1181                      3.2729996768312057
1182                      3.2721455843438023
1183                      3.271290751895446
1184                      3.270435179486136
1185                      3.2695788671158734
1186                      3.2687218147846577
1187                      3.2678640224924886
1188                      3.2670054902393666
1189                      3.2661462180252916
1190                      3.265286205850263
1191                      3.264425453714282
1192                      3.263563961617347
1193                      3.2627017295594594
1194                      3.2618387575406182
1195                      3.260975045560824
1196                      3.260110593620077
1197                      3.259245401718377
1198                      3.258379469855724
1199                      3.2575127980321175
1200                      3.2566453862475577
1201                      3.255777234502045
1202                      3.254907915841278
1203                      3.254037182455335
1204                      3.2531656473166146
1205                      3.252293310425117
1206                      3.251420171780842
1207                      3.25054623138379
1208                      3.2496714892339607
1209                      3.248795945331354
1210                      3.2479195996759698
1211                      3.2470424522678085
1212                      3.2461645031068707
1213                      3.245285752193155
1214                      3.244406199526662
1215                      3.243525845107392
1216                      3.242644688935345
1217                      3.2417627310105206
1218                      3.2408799713329186
1219                      3.23999640990254
1220                      3.2391120467193835
1221                      3.23822688178345
1222                      3.237340915094739
1223                      3.2364541466532515
1224                      3.2355665764589863
1225                      3.234678204511944
1226                      3.233789030812124
1227                      3.232899055359528
1228                      3.2320082781541535
1229                      3.231116699196002
1230                      3.230224318485073
1231                      3.2293311360213677
1232                      3.2284371518048847
1233                      3.2275423658356246
1234                      3.226646778113587
1235                      3.2257503886387724
1236                      3.22485224028274
1237                      3.2239524325515716
1238                      3.2230517221208537
1239                      3.2221501089905873
1240                      3.2212475931607716
1241                      3.2203441746314065
1242                      3.219439853402493
1243                      3.2185346294740307
1244                      3.217628502846019
1245                      3.2167214735184584
1246                      3.215813541491349
1247                      3.2149047067646905
1248                      3.2139949693384837
1249                      3.213084329212727
1250                      3.2121727863874217
1251                      3.2112603408625677
1252                      3.210346992638165
1253                      3.2094327417142128
1254                      3.2085175880907113
1255                      3.2076015317676614
1256                      3.2066845727450626
1257                      3.205766711022915
1258                      3.204847946601218
1259                      3.203928279479972
1260                      3.2030077096591776
1261                      3.2020862371388334
1262                      3.201163861918941
1263                      3.200240583999499
1264                      3.1993164033805086
1265                      3.1983913200619694
1266                      3.197465334043881
1267                      3.196538445326243
1268                      3.1956106539090565
1269                      3.1946819597923217
1270                      3.193750641183641
1271                      3.19281755725112
1272                      3.19188342803124
1273                      3.190948253524001
1274                      3.1900120337294036
1275                      3.1890747686474463
1276                      3.1881364582781306
1277                      3.1871971026214556
1278                      3.1862567016774217
1279                      3.1853152554460284
1280                      3.184372763927276
1281                      3.1834292271211644
1282                      3.1824846450276945
1283                      3.1815390176468648
1284                      3.1805923449786766
1285                      3.179644627023129
1286                      3.1786958637802227
1287                      3.177746055249957
1288                      3.176795201432332
1289                      3.1758433023273485
1290                      3.1748903579350056
1291                      3.173936368255304
1292                      3.1729813332882433
1293                      3.1720252530338233
1294                      3.171068127492044
1295                      3.1701099566629063
1296                      3.1691507405464088
1297                      3.168190479142553
1298                      3.1672291724513375
1299                      3.1662668204727633
1300                      3.1653034232068302
1301                      3.164338980653538
1302                      3.1633734928128865
1303                      3.162406959684876
1304                      3.1614368948439333
1305                      3.1604651784793756
1306                      3.1594922475786604
1307                      3.158518102141788
1308                      3.157542742168758
1309                      3.1565661676595704
1310                      3.1555883786142256
1311                      3.1546093750327224
1312                      3.1536291569150627
1313                      3.152647724261245
1314                      3.15166507707127
1315                      3.150681215345138
1316                      3.149696139082848
1317                      3.1487098482844007
1318                      3.147722342949796
1319                      3.146733623079034
1320                      3.1457436886721144
1321                      3.144752539729037
1322                      3.1437601762498026
1323                      3.1427665982344104
1324                      3.1417718056828603
1325                      3.140775798595153
1326                      3.1397785769712887
1327                      3.1387801408112668
1328                      3.1377804901150874
1329                      3.1367796248827506
1330                      3.135777545114256
1331                      3.1347742508096044
1332                      3.133769741968795
1333                      3.132764018591828
1334                      3.131757080678704
1335                      3.1307489282294223
1336                      3.1297395612439827
1337                      3.1287289797223856
1338                      3.127715344390991
1339                      3.126700378591877
1340                      3.125684092114619
1341                      3.1246664849592176
1342                      3.1236475571256728
1343                      3.1226273086139846
1344                      3.1216057394241528
1345                      3.120582849556177
1346                      3.119558639010058
1347                      3.1185331077857956
1348                      3.117506255883389
1349                      3.116478083302839
1350                      3.115448590044146
1351                      3.1144177761073086
1352                      3.113385641492328
1353                      3.1123521861992045
1354                      3.1113174102279366
1355                      3.1102813135785254
1356                      3.109243896250971
1357                      3.1082051582452723
1358                      3.1071650995614304
1359                      3.106123720199445
1360                      3.105081020159316
1361                      3.1040369994410435
1362                      3.1029916580446275
1363                      3.101944995970068
1364                      3.1008970132173643
1365                      3.0998477097865176
1366                      3.098797085677527
1367                      3.097745140890393
1368                      3.0966918754251154
1369                      3.0956372892816946
1370                      3.0945813824601296
1371                      3.0935242692040186
1372                      3.0924665506382225
1373                      3.0914075586160012
1374                      3.090347293137356
1375                      3.0892857542022862
1376                      3.0882229418107925
1377                      3.087158855962874
1378                      3.0860934966585316
1379                      3.085026863897765
1380                      3.0839589576805744
1381                      3.082889778006959
1382                      3.0818193248769195
1383                      3.080747598290456
1384                      3.0796745982475677
1385                      3.078600324748255
1386                      3.0775247777925188
1387                      3.076447957380358
1388                      3.075369863511773
1389                      3.0742904961867636
1390                      3.07320985540533
1391                      3.072127941167472
1392                      3.0710447534731897
1393                      3.069960292322483
1394                      3.0688745577153522
1395                      3.067787549651798
1396                      3.0666992681318184
1397                      3.065609713155415
1398                      3.064518884722587
1399                      3.063426782833335
1400                      3.0623334074876585
1401                      3.0612387586855574
1402                      3.0601428364270324
1403                      3.059045640712084
1404                      3.0579471715407105
1405                      3.05684837015901
1406                      3.0557507210086334
1407                      3.054651988449852
1408                      3.0535521724826653
1409                      3.052451273107073
1410                      3.0513492903230754
1411                      3.050246224130673
1412                      3.049142074529865
1413                      3.048036841520652
1414                      3.0469305251030336
1415                      3.0458231252770105
1416                      3.0447146420425812
1417                      3.0436050753997472
1418                      3.042494425348508
1419                      3.041382691888863
1420                      3.040269875020814
1421                      3.0391559747443586
1422                      3.038040991059498
1423                      3.036924923966233
1424                      3.0358077734645623
1425                      3.034689539554486
1426                      3.033570222236005
1427                      3.0324498215091182
1428                      3.031328337373827
1429                      3.03020576983013
1430                      3.0290821188780277
1431                      3.0279573845175203
1432                      3.0268315667486076
1433                      3.02570466557129
1434                      3.0245766809855668
1435                      3.023447612991438
1436                      3.022317461588905
1437                      3.021186226777966
1438                      3.0200539085586215
1439                      3.018922317450542
1440                      3.0177921403025434
1441                      3.016661120895118
1442                      3.0155292592282663
1443                      3.014396555301988
1444                      3.013263009116284
1445                      3.012128620671153
1446                      3.0109933899665955
1447                      3.0098573170026115
1448                      3.0087204017792017
1449                      3.007582644296365
1450                      3.006444044554102
1451                      3.005304602552412
1452                      3.0041643182912963
1453                      3.0030231917707546
1454                      3.0018812229907854
1455                      3.0007384119513905
1456                      2.999594758652569
1457                      2.998450263094321
1458                      2.9973049252766466
1459                      2.9961587451995455
1460                      2.995011722863018
1461                      2.9938638582670642
1462                      2.9927151514116845
1463                      2.9915656022968777
1464                      2.9904152109226447
1465                      2.9892639772889855
1466                      2.9881119013958997
1467                      2.9869589832433876
1468                      2.985805222831449
1469                      2.9846506201600835
1470                      2.983495175229292
1471                      2.982338888039074
1472                      2.98118175858943
1473                      2.9800255176709713
1474                      2.978869794909807
1475                      2.9777134015104854
1476                      2.9765563374730077
1477                      2.9753986027973727
1478                      2.974240197483581
1479                      2.9730811215316324
1480                      2.9719213749415268
1481                      2.9707609577132645
1482                      2.9695998698468458
1483                      2.9684381113422695
1484                      2.9672756821995367
1485                      2.9661125824186474
1486                      2.9649488119996006
1487                      2.963784370942397
1488                      2.962619259247037
1489                      2.96145347691352
1490                      2.9602870239418464
1491                      2.959119900332015
1492                      2.9579521060840275
1493                      2.9567836411978834
1494                      2.9556145056735823
1495                      2.9544446995111238
1496                      2.9532742227105087
1497                      2.952103075271737
1498                      2.9509312571948083
1499                      2.9497587684797226
1500                      2.9485856091264804
1501                      2.947411779135081
1502                      2.9462372785055253
1503                      2.945062107237812
1504                      2.943886265331942
1505                      2.942709752787916
1506                      2.9415325696057324
1507                      2.9403549982622215
1508                      2.939176878228747
1509                      2.937998109827729
1510                      2.936818693059169
1511                      2.935638627923066
1512                      2.9344579144194216
1513                      2.933276552548234
1514                      2.9320945423095037
1515                      2.930911883703232
1516                      2.929728576729417
1517                      2.9285446213880597
1518                      2.9273600176791605
1519                      2.926174765602718
1520                      2.9249888651587335
1521                      2.9238023163472064
1522                      2.922615119168137
1523                      2.9214272736215254
1524                      2.920238779707371
1525                      2.9190496374256742
1526                      2.917859846776435
1527                      2.9166694077596533
1528                      2.915478320375329
1529                      2.9142865846234627
1530                      2.9130942005040534
1531                      2.911901168017102
1532                      2.9107074871626084
1533                      2.9095131579405717
1534                      2.9083181803509928
1535                      2.907122554393872
1536                      2.905926280069208
1537                      2.904729357377002
1538                      2.903531786317253
1539                      2.902333566889962
1540                      2.9011346990951288
1541                      2.899927392078524
1542                      2.898717908109493
1543                      2.8975072667188373
1544                      2.896295467906556
1545                      2.8950825116726495
1546                      2.8938683980171183
1547                      2.8926531269399613
1548                      2.8914366984411792
1549                      2.8902191125207723
1550                      2.8890003691787403
1551                      2.8877804684150825
1552                      2.8865594102298
1553                      2.8853371946228923
1554                      2.884113821594359
1555                      2.8828892911442003
1556                      2.881663603272417
1557                      2.8804367579790084
1558                      2.8792087552639747
1559                      2.8779795951273157
1560                      2.8767492775690315
1561                      2.875517802589122
1562                      2.8742851701875876
1563                      2.8730513803644278
1564                      2.871816433119643
1565                      2.870580328453233
1566                      2.8693430663651975
1567                      2.8681046468555373
1568                      2.8668650699242515
1569                      2.865624335571341
1570                      2.8643824437968046
1571                      2.8631393946006436
1572                      2.861895187982857
1573                      2.8606498239434455
1574                      2.859403302482409
1575                      2.858155623599747
1576                      2.85690678729546
1577                      2.855656793569547
1578                      2.8544056424220097
1579                      2.853153333852847
1580                      2.851899867862059
1581                      2.8506452444496464
1582                      2.849389463615608
1583                      2.8481325253599445
1584                      2.846874429682656
1585                      2.845615176583742
1586                      2.844354766063203
1587                      2.843093198121039
1588                      2.8418304727572496
1589                      2.840566589971835
1590                      2.8393015497647953
1591                      2.83803535213613
1592                      2.83676799708584
1593                      2.8354994846139245
1594                      2.834229814720384
1595                      2.8329589874052186
1596                      2.8316870026684278
1597                      2.8304138605100118
1598                      2.82913956092997
1599                      2.8278641039283037
1600                      2.826587489505012
1601                      2.825309717660095
1602                      2.824030788393553
1603                      2.822750701705386
1604                      2.8214694575955934
1605                      2.8201870560641757
1606                      2.8189034971111333
1607                      2.817618780736465
1608                      2.8163229426891037
1609                      2.8149785842508486
1610                      2.813631408130027
1611                      2.812281414326639
1612                      2.810928602840684
1613                      2.8095729736721617
1614                      2.808214526821073
1615                      2.806853262287417
1616                      2.805489180071195
1617                      2.8041222801724053
1618                      2.8027525625910488
1619                      2.801380027327126
1620                      2.8000046743806357
1621                      2.798626503751579
1622                      2.7972455154399554
1623                      2.795859577378014
1624                      2.7944146061959967
1625                      2.7929596209852194
1626                      2.7914946217456826
1627                      2.7900196084773863
1628                      2.7885345811803295
1629                      2.787039539854513
1630                      2.785534484499937
1631                      2.7840194151166004
1632                      2.7824943317045046
1633                      2.780959234263649
1634                      2.7794141227940337
1635                      2.777858997295658
1636                      2.7762938577685228
1637                      2.774718704212628
1638                      2.773133536627973
1639                      2.7715383550145583
1640                      2.7699331593723837
1641                      2.768317949701449
1642                      2.766692726001755
1643                      2.7649429505558225
1644                      2.763062955039366
1645                      2.761151173777984
1646                      2.7592076067716764
1647                      2.757232254020444
1648                      2.755225115524286
1649                      2.753186191283203
1650                      2.751115481297194
1651                      2.74901298556626
1652                      2.746878704090401
1653                      2.744481373575102
1654                      2.7415504580695447
1655                      2.7384643579111527
1656                      2.7352230730999256
1657                      2.7318266036358643
1658                      2.728274949518968
1659                      2.724568110749237
1660                      2.720706087326672